100012996,38392455,100
100012996,394911,62
100050798,21965528,60
100050798,21965593,89
100050798,27706564,60
100050798,28315789,54
100050798,28690875,53
100050798,28838065,62
100050798,28921655,72
100050798,29802587,62
100050798,3314604,57
100050798,387948,86
100050798,406475394,56
100050798,407314796,78
100050798,4330176,56
100050798,445867332,65
100050798,501220195,60
100050798,5053125,63
100050798,5263408,100
100447539,109125,100
100892546,167799,54
100892546,185726,71
100892546,213292,51
100892546,25906124,87
100892546,29722582,71
100892546,298258,76
100892546,30512394,73
100892546,36492599,56
100892546,440353010,100
100892546,490378846,51
100892546,812400,58
101407433,25714173,57
101407433,28629058,64
101407433,29004400,53
101407433,38592976,53
101407433,401249910,63
101407433,419254231,60
101407433,422094252,68
101407433,468517654,53
101407433,506092035,100
101407433,517543022,68
101873395,108179,51
101873395,108251,84
101873395,191528,54
101873395,2426838,72
101873395,2426841,67
101873395,28832054,100
101873395,29717271,68
101873395,29732992,72
101873395,30352891,57
101873395,30953009,80
101873395,32174136,63
101873395,34179910,52
101873395,40147554,76
101873395,41646265,71
101873395,421563713,84
101873395,432506809,54
101873395,439915614,52
101873395,441158494,91
101873395,452986458,89
101873395,461525011,81
101873395,464035726,51
101873395,474715849,88
101873395,483671599,55
101873395,487375542,95
101873395,489506275,55
101873395,509518010,53
101873395,5133273,52
101873395,551816010,51
101890123,26264143,100
101890123,32272413,64
101890123,406072193,57
101890123,518094151,56
101926358,16593583,100
101926358,28285990,63
101926358,29431066,71
101926358,402070146,68
101926358,421563713,63
101926358,481853536,51
101926358,642776,68
101926358,642871,55
101945038,108478,62
101945038,118261,62
101945038,133998,66
101945038,17721274,70
101945038,25788001,75
101945038,26199445,54
101945038,26540730,54
101945038,27867140,75
101945038,28256115,66
101945038,28285910,79
101945038,28285912,62
101945038,2919622,54
101945038,30569197,54
101945038,30841076,54
101945038,30987373,87
101945038,31445554,87
101945038,31654001,58
101945038,35288251,54
101945038,35470197,66
101945038,36199725,62
101945038,38576323,83
101945038,38582304,58
101945038,4017240,70
101945038,405599469,54
101945038,408814900,95
101945038,409931491,75
101945038,418603077,91
101945038,421423806,100
101945038,4224657,58
101945038,432506809,66
101945038,473742112,62
101945038,479577949,75
101945038,484755757,54
101945038,4875075,91
101945038,5307982,58
101945038,557581284,75
101945038,717251,54
102499204,185700,56
102499204,356034,100
102499204,445666472,77
102499204,501133611,69
102499204,5366197,95
102719189,109125,93
102719189,32069326,97
102719189,427017374,100
103296592,27108022,76
103296592,28528999,77
103296592,28535292,100
103296592,28911956,60
103296592,29802587,51
103296592,34144578,65
103296592,37239643,95
103296592,37240628,54
103296592,39324743,93
103296592,3986326,51
103296592,434974661,52
103308952,28258466,55
103308952,28306875,52
103308952,29753832,71
103308952,326703,100
103308952,326705,72
103308952,496146250,80
103308952,544247584,72
103317539,139774,72
103317539,27808044,52
103317539,30352891,94
103317539,31789317,53
103317539,32507038,60
103317539,36496695,89
103317539,415792881,100
103317539,417859631,96
103317539,422790454,56
103317539,429459016,55
103576654,1878854,100
103576654,188674,84
103576654,411921855,99
103632976,29734857,100
103632976,4078631,62
103643764,18284726,72
103643764,2308499,70
103643764,2310010,64
103643764,26584163,54
103643764,28111309,97
103643764,2919998,58
103643764,3029019,95
103643764,31426416,64
103643764,31426418,52
103643764,31426427,79
103643764,33162226,75
103643764,3819488,54
103643764,413961906,83
103643764,416700932,52
103643764,428642533,62
103643764,436487129,66
103643764,496869422,62
103643764,498096,100
103643764,583281,62
103643764,722932,52
103675781,4341314,100
103684046,1212320,100
103684046,186016,78
103684046,19542337,75
103684046,19945735,61
103684046,28458116,68
103684046,430043767,65
103684046,461347998,74
103684046,65528,51
104109991,29460377,58
104109991,404184010,54
104109991,495637,100
104109991,533155,52
104112625,141664,76
104112625,27759600,85
104112625,28253046,55
104112625,28285910,66
104112625,28987075,52
104112625,29450091,54
104112625,32507038,59
104112625,33392065,55
104112625,409649821,59
104112625,413812448,67
104112625,414706021,100
104112625,416552612,76
104112625,420513275,75
104112625,421160838,67
104112625,4281048,85
104112625,432506367,88
104112625,432509483,58
104112625,437292675,62
104112625,501220618,60
104138155,109196,55
104138155,209251,94
104138155,29567192,100
104138155,31445554,63
104138155,32507038,61
104212123,26794481,66
104212123,32717174,61
104212123,33004428,100
104212123,35847388,65
104212123,36308916,57
104212123,400161906,64
104212123,539420,68
104212123,731246,55
104581070,18161816,54
104581070,26089279,59
104581070,26418808,53
104581070,28188427,78
104581070,28828560,52
104581070,29535531,56
104581070,29753702,60
104581070,29771569,69
104581070,30352891,54
104581070,30431376,55
104581070,30569561,68
104581070,30870170,77
104581070,31445554,53
104581070,316686,54
104581070,34380998,54
104581070,34609083,53
104581070,35847388,54
104581070,36308884,59
104581070,404460640,53
104581070,421423806,100
104581070,432430697,70
104581070,435948358,64
104581070,439138748,70
104581070,442503279,59
104581070,446247397,83
104581070,446944042,55
104581070,461127514,59
104581070,461940149,58
104645018,29561495,69
104645018,462895657,52
104645018,66272,100
105122211,1293886117,100
105122211,1300287,53
105122211,188522,56
105122211,207497,51
105122211,26620638,58
105122211,27906325,51
105122211,28406532,53
105122211,30431367,53
105122211,36496695,76
105122211,375020,64
105122211,407450223,58
105122211,435288399,74
105122211,460578140,58
105122211,482988834,58
105122211,4871704,51
105122211,496370620,64
105122211,513791211,66
105122211,518686034,58
105122211,523251118,51
105122211,574926602,51
105122211,87047,69
105672522,1475050,66
105672522,17086516,67
105672522,28815250,61
105672522,29535531,51
105672522,29947420,69
105672522,30431376,67
105672522,31134728,75
105672522,35032582,100
105672522,512359558,57
105672522,518896134,94
105676062,17177324,51
105676062,17565975,52
105676062,17566009,53
105676062,21253808,77
105676062,21253809,71
105676062,21253843,71
105676062,21253869,56
105676062,21253900,76
105676062,21253903,62
105676062,21253946,68
105676062,21253947,83
105676062,21253949,87
105676062,21253952,55
105676062,21253953,100
105676062,21253958,75
105676062,21253966,69
105676062,26387153,52
105676062,28401218,59
105676062,28557136,53
105676062,28566204,61
105676062,28665554,68
105676062,28668238,63
105676062,28692516,64
105676062,28692518,51
105676062,28692519,78
105676062,28692521,53
105676062,28692526,57
105676062,28747426,61
105676062,29019227,87
105676062,29019232,70
105676062,30621332,53
105676062,32102655,66
105676062,407677581,53
105676062,408140486,52
105676062,4128805,52
105676062,4173309,82
105762177,34341358,51
105762177,35032655,61
105762177,460542191,53
105762177,487587201,100
105762177,5120906,55
105762177,569214126,66
106291213,25706282,65
106291213,25731320,60
106291213,287035,63
106291213,2919622,54
106291213,31445554,95
106291213,32192436,56
106291213,355992,95
106291213,36103237,57
106291213,418603077,69
106291213,480580003,60
106291213,5239883,68
106291213,5253801,61
106291213,540968,86
106291213,857896,100
106420712,29533303,55
106420712,409872505,100
106420712,412175364,53
106420712,419485277,54
106881654,25867002,60
106881654,26620753,54
106881654,26620762,58
106881654,28815250,78
106881654,29947420,54
106881654,31191505,76
106881654,35437299,97
106881654,38576323,100
106881654,436514312,64
106881818,17121714,58
106881818,208902,54
106881818,208958,58
106881818,28391342,100
106884211,18638060,71
106884211,27853227,60
106884211,27937279,56
106884211,28263115,65
106884211,28692516,76
106884211,28692519,53
106884211,28977800,52
106884211,33035611,53
106884211,36496695,73
106884211,451703096,100
106884211,4940920,58
106884211,5052317,68
106884211,523250558,61
106884211,523250559,73
106884211,701267,58
106886663,108271,60
106886663,108810,66
106886663,108899,65
106886663,108910,66
106886663,108965,70
106886663,133998,60
106886663,17470701,86
106886663,185667,61
106886663,185908,54
106886663,23705316,68
106886663,25794009,52
106886663,26092806,52
106886663,26418355,59
106886663,2772113,66
106886663,27955653,56
106886663,28828074,96
106886663,29709915,100
106886663,29850682,62
106886663,30987373,75
106886663,31260505,73
106886663,32450986,58
106886663,32922450,62
106886663,34033661,58
106886663,35847037,53
106886663,399354851,52
106886663,401249910,90
106886663,40147552,61
106886663,40147554,65
106886663,40147567,72
106886663,40147568,70
106886663,410042104,55
106886663,415792881,52
106886663,418602451,81
106886663,423015580,52
106886663,426852063,80
106886663,448393930,68
106886663,466023457,57
107284250,1302374455,72
107284250,28285910,90
107284250,343502,77
107284250,409931523,70
107284250,426291544,53
107284250,438204707,60
107284250,458496038,89
107284250,483671599,54
107284250,517435151,100
107284250,863481092,98
107430577,29043750,59
107430577,3552442,100
107748257,18940718,100
107748257,461347998,67
108173066,186016,55
108173066,208926,53
108173066,223790,58
108173066,27091517,75
108173066,28190492,64
108173066,28285910,72
108173066,287035,61
108173066,29747882,70
108173066,32507038,81
108173066,356034,68
108173066,36496624,55
108173066,36587407,100
108173066,417859631,62
108173066,64712,51
108176538,156368,55
108176538,16783825,100
108176538,19639918,52
108176538,207497,54
108176538,26576444,71
108176538,26590196,52
108176538,27956125,54
108176538,29567193,72
108176538,30394959,67
108176538,316521,57
108176538,32451518,57
108176538,33075107,52
108176538,35331893,64
108176538,35618493,54
108176538,411314656,52
108176538,4132379,52
108176538,414979974,61
108176538,424474507,52
108176538,427142481,69
108176538,431259237,57
108176538,441120217,71
108176538,441491828,69
108176538,472948115,67
108176538,476334453,89
108176538,494240085,52
108176538,501220770,79
108176538,5348853,52
108178370,16607987,52
108178370,18649294,75
108178370,201873,92
108178370,2061739,55
108178370,2643059,55
108178370,274686,58
108178370,28739617,83
108178370,298838,63
108178370,29947420,81
108178370,299757,60
108178370,31473269,76
108178370,36990266,88
108178370,3935139,100
108178370,406730447,73
108178370,4877755,87
108178370,66255,53
108178370,816495,80
108178370,82932,54
108756501,21253869,100
108756501,34280076,68
109152835,19292804,55
109152835,2001472,51
109152835,25787216,72
109152835,25787222,52
109152835,27506597,56
109152835,28138493,62
109152835,29713617,59
109152835,29747554,57
109152835,33206214,58
109152835,33781754,52
109152835,34144434,57
109152835,35618493,71
109152835,36496389,71
109152835,410042104,100
109152835,422428828,57
109152835,427595456,61
109152835,443876303,62
109152835,449818741,53
109152835,501133611,65
109152835,516818336,96
109152835,536622304,56
109199167,417859220,85
109199167,447925058,100
109200639,26584453,63
109200639,36392024,59
109200639,431259237,54
109200639,432506809,100
109200639,438803482,55
109200639,441120470,55
109200639,441438339,95
109218686,1206879,100
109238835,19078780,79
109238835,212168,70
109238835,21635639,68
109238835,26107927,53
109238835,26217033,82
109238835,26354120,100
109238835,27514868,90
109238835,28531849,82
109238835,28586064,100
109238835,28830804,71
109238835,33035611,54
109238835,33414830,84
109238835,35283288,69
109238835,441491595,63
109238835,466343434,71
109690435,29822060,56
109690435,36897082,100
109690435,454435565,64
109690435,455543886,51
109691075,1252373,83
109691075,1477670,66
109691075,154381,51
109691075,154480,55
109691075,17241116,55
109691075,17691338,58
109691075,18003388,62
109691075,186014,62
109691075,18828737,64
109691075,1990064,58
109691075,20065049,62
109691075,20707713,53
109691075,21157332,53
109691075,2418248,53
109691075,26193501,100
109691075,26278742,64
109691075,26650576,51
109691075,26783793,66
109691075,277302,58
109691075,28188171,71
109691075,28283079,51
109691075,29947420,66
109691075,30841076,58
109691075,33872703,100
109691075,347705,60
109691075,401249910,83
109691075,408332757,91
109691075,411491480,57
109691075,414003698,62
109691075,41654771,66
109691075,417911175,60
109691075,418603077,67
109691075,437480916,51
109691075,439915614,82
109691075,440411424,87
109691075,445702397,55
109691075,445844169,55
109691075,447076397,58
109691075,447079350,51
109691075,467595237,57
109691075,470547656,66
109691075,473602861,66
109691075,496870294,62
109691075,502925437,51
109691075,5042379,71
109822594,17867241,54
109822594,1806782,54
109822594,26484066,54
109822594,27022684,54
109822594,28680438,54
109822594,29715175,63
109822594,29771215,54
109822594,31452306,63
109822594,31835902,63
109822594,32857580,100
109822594,34766655,63
109822594,35407145,63
109822594,35497624,54
109822594,38018486,63
109822594,402070888,63
109822594,403012374,54
109822594,404783362,54
109822594,407679564,54
109822594,409647621,63
109822594,409916250,54
109822594,410801173,54
109822594,412175986,54
109822594,423228325,63
109822594,426852274,54
109822594,431610357,63
109822594,441491167,63
109822594,460043748,54
109822594,461518855,54
109822594,467390332,54
109822594,475207448,63
109822594,493903,81
109822594,5322513,81
109822594,874229,63
110270691,184406,67
110270691,23705316,52
110270691,28308080,100
110270691,29722263,61
110270691,31234952,81
110270691,32897777,51
110270691,33497855,65
110270691,34228719,57
110270691,40147554,58
110270691,422790454,61
110270691,521415426,55
110272013,27808044,56
110272013,27955653,97
110272013,28285910,68
110272013,285546,85
110272013,28977033,64
110272013,29414563,91
110272013,32196495,77
110272013,32337668,66
110272013,32507038,83
110272013,33071167,81
110272013,33789071,64
110272013,34248647,100
110272013,34468306,66
110272013,34516006,62
110272013,34614798,56
110272013,34614804,62
110272013,34614915,66
110272013,35528482,91
110272013,36308045,70
110272013,38018438,95
110272013,38018439,64
110272013,402073801,75
110272013,429450212,64
110272013,436346400,75
110272013,443292046,75
110272013,450222559,79
110272013,451372161,54
110272013,461519842,56
110272013,815138,56
110325802,110130,52
110325802,110715,80
110325802,186488,68
110325802,188489,57
110325802,188555,60
110325802,192374,65
110325802,193168,61
110325802,2007819,81
110325802,229161,58
110325802,2416737,60
110325802,25641368,53
110325802,25714352,59
110325802,26620756,56
110325802,28285910,100
110325802,28341638,70
110325802,28661564,55
110325802,28828076,65
110325802,29019232,57
110325802,29747816,51
110325802,29814898,55
110325802,32507038,56
110325802,328929,57
110325802,33785033,76
110325802,343032,53
110325802,347705,60
110325802,41665696,67
110325802,418603077,55
110325802,456054151,65
110325802,63650,61
110325802,63661,73
110325802,66476,63
110325802,72408,54
110325802,94639,94
110342876,1220787,85
110342876,2007819,100
110621746,27965145,100
110621746,365673,69
110621746,451703096,51
110621746,458725738,65
110642266,26562728,58
110642266,27459110,51
110642266,28442575,100
110642266,29814175,67
110642266,29816800,55
110642266,30245064,88
110642266,32358691,53
110643223,208902,53
110643223,27890306,80
110643223,31445772,71
110643223,32192436,54
110643223,32507038,58
110643223,400876303,55
110643223,405987715,60
110643223,406737873,53
110643223,418603077,100
110643223,536622304,73
110967943,1210496,76
110967943,16426514,53
110967943,166317,60
110967943,169140,76
110967943,17793698,57
110967943,18161816,76
110967943,186560,75
110967943,25731320,53
110967943,27646205,66
110967943,27646687,51
110967943,28018269,58
110967943,280761,53
110967943,287035,58
110967943,28830412,51
110967943,29019227,60
110967943,29098965,55
110967943,29816871,51
110967943,29947420,57
110967943,306662,55
110967943,31654455,64
110967943,32192436,57
110967943,32451978,55
110967943,32507039,64
110967943,32785700,80
110967943,32922450,100
110967943,32924132,58
110967943,33419765,51
110967943,33516495,71
110967943,33891794,64
110967943,37095476,62
110967943,3935139,55
110967943,39443443,53
110967943,4083642,57
110967943,41665696,62
110967943,4386589,57
110967943,440353010,58
110967943,446943445,53
110967943,471374184,60
110967943,560084,73
110967943,65528,57
110967943,94639,51
111241953,16686420,52
111241953,26259014,82
111241953,28613731,100
111241953,30841077,63
111241953,4128805,55
111241953,4132379,62
111241953,4151867,53
111241953,448316040,52
111241953,461347998,80
111241953,466122659,51
111241953,536622304,66
111241953,536622483,74
111244094,30870269,100
111244094,422428548,51
111244094,553755659,75
111355708,208902,54
111355708,27086088,100
111355708,28978321,66
111355708,29732659,54
111600494,29755430,100
111635028,17360668,54
111635028,19033169,60
111635028,2410487,66
111635028,26508186,75
111635028,26524701,100
111635028,27638478,65
111635028,28402350,54
111635028,28481104,51
111635028,28692519,55
111635028,28993080,51
111635028,29418632,53
111635028,30064292,65
111635028,30474011,57
111635028,30798815,72
111635028,31445554,51
111635028,31445772,63
111635028,31477432,60
111635028,32835377,53
111635028,32945000,62
111635028,34144434,72
111635028,37955045,55
111635028,427016093,53
111635028,431080741,61
111635028,456778648,76
111635028,461811935,96
111635028,462523376,55
111635028,464647454,73
111635028,467164485,59
111635028,486218073,63
111635028,543987787,74
111635028,557584888,81
111791891,1807865,80
111791891,28256115,63
111791891,429450375,100
112071049,29797698,79
112071049,425828457,100
112071049,426291020,59
112086466,167727,56
112086466,186014,54
112086466,186016,59
112086466,18658926,66
112086466,27770237,73
112086466,28661564,69
112086466,29822014,58
112086466,29822033,82
112086466,31192230,99
112086466,415792916,100
112086466,417247652,98
112086466,417859631,90
112086466,418602087,62
112086466,418603077,55
112086466,427142481,51
112086466,461518855,57
112086466,516555254,51
112086466,65765,51
112086466,65812,53
112526576,133998,61
112526576,26349639,100
112526576,26402069,54
112526576,26447696,61
112526576,26496942,60
112526576,26643898,61
112526576,27542857,60
112526576,28798439,57
112526576,29984590,71
112526576,33516497,54
112526576,34229234,55
112526576,35955933,60
112526576,403136499,60
112526576,409649830,56
112526576,41665696,54
112526576,432509390,51
112526576,482636088,54
112533492,1383635,51
112533492,17455810,61
112533492,26826333,62
112533492,28497598,52
112533492,28497602,63
112533492,4017469,100
112533492,471018750,55
112533492,485918020,82
112541745,2529311,63
112541745,254285,95
112541745,28577011,100
112541745,28700286,64
112541745,30841012,90
112541745,33682511,90
112541745,484056971,91
112541745,484058963,53
112576225,29567338,52
112576225,416388799,97
112576225,426881505,100
112576225,431534336,51
112576225,4341314,60
112576225,460043708,56
112576225,471411253,52
112576225,473757141,68
112576225,480426313,52
112576225,543656097,51
112594007,1311311997,57
112594007,406475394,85
112594007,437250607,67
112594007,469104851,99
112594007,509531451,55
112594007,515143305,100
112825105,133998,100
112825105,531051217,93
112871844,185924,68
112871844,186010,56
112871844,186488,52
112871844,190380,100
112871844,28830410,67
112871844,29379952,55
112871844,29392895,60
112871844,29797443,60
112871844,29947420,56
112871844,31460196,62
112871844,35283615,60
112885875,16343629,67
112885875,16426514,62
112885875,17177324,59
112885875,175072,66
112885875,175991,72
112885875,233968,58
112885875,26075553,56
112885875,27514868,58
112885875,27808044,54
112885875,27890306,62
112885875,27955653,100
112885875,27955658,79
112885875,28208046,52
112885875,28285910,71
112885875,28563317,61
112885875,28850746,55
112885875,30706076,61
112885875,31445554,64
112885875,32098468,53
112885875,32192436,57
112885875,32507038,60
112885875,325336,51
112885875,35528482,68
112885875,36587407,64
112885875,38392240,51
112885875,403710395,60
112885875,415792881,65
112885875,4224657,52
112885875,5255928,54
112885875,63650,52
112885875,94639,63
112892387,28968068,70
112892387,28977542,52
112892387,414721,100
112892387,422428548,68
112892387,812400,63
112909532,1426503,52
112909532,1426889,80
112909532,169185,71
112909532,18209583,60
112909532,1942422,53
112909532,19781724,52
112909532,2001320,65
112909532,208902,53
112909532,2112355,54
112909532,26159000,52
112909532,26492804,64
112909532,28018269,63
112909532,28191516,56
112909532,28283137,56
112909532,28914923,63
112909532,28941713,61
112909532,28947007,57
112909532,29418363,61
112909532,29753366,60
112909532,29774729,54
112909532,30706080,54
112909532,31010759,69
112909532,31010761,75
112909532,31010776,60
112909532,31090820,60
112909532,32507038,60
112909532,33255849,54
112909532,33410934,78
112909532,33516495,56
112909532,33516497,87
112909532,34578012,95
112909532,407677819,54
112909532,409060415,75
112909532,409872504,64
112909532,424155559,100
112909532,426291248,76
112909532,431259237,69
112909532,4433364,83
112909532,4441159,60
112909532,453176145,68
112909532,469065394,60
112909532,469104847,71
113218881,28226049,66
113218881,28226055,59
113218881,431853567,63
113218881,5051347,100
113218881,542667209,67
113218881,786262,59
113224114,1298986140,64
113224114,489997584,100
113230487,17470701,67
113230487,20744788,61
113230487,22691514,54
113230487,25650033,83
113230487,25698049,61
113230487,25699082,96
113230487,28285910,61
113230487,28828074,72
113230487,28828078,85
113230487,29011128,56
113230487,29728164,56
113230487,29758025,61
113230487,30031605,54
113230487,30031611,74
113230487,30284117,69
113230487,31789010,56
113230487,33756360,78
113230487,37196629,54
113230487,38392240,52
113230487,407002483,87
113230487,412911436,60
113230487,41665696,80
113230487,418603077,100
113230487,428642356,65
113230487,442454,54
113230487,5145730,54
113230487,5150332,94
113230487,5247677,72
113230487,528284,70
113230487,562339,85
113230487,569213279,58
113230487,618325,56
113230487,637887,89
113242695,1296833312,91
113242695,185982,54
113242695,26608788,69
113242695,29750100,57
113242695,32835565,59
113242695,33471531,52
113242695,33705768,86
113242695,422104315,57
113242695,437802725,51
113242695,513791211,51
113242695,64634,87
113242695,65766,100
113242695,66272,59
113254591,108478,51
113254591,133998,57
113254591,139730,73
113254591,189986,76
113254591,276847,66
113254591,28378127,58
113254591,28613576,62
113254591,2872271,60
113254591,30903117,75
113254591,34229234,87
113254591,34766208,100
113254591,36103237,75
113254591,36270426,69
113254591,36990266,87
113254591,407044311,58
113254591,413812448,62
113254591,543665,57
113254591,643466,80
113451435,2080326,93
113451435,27759600,100
113451435,31789317,54
113451435,32922450,87
113451435,33715027,97
113451435,436514312,69
113451435,5253801,70
113451435,94545,77
113515690,109734,98
113515690,20110049,90
113515690,27867440,76
113515690,28914470,100
113626482,1427692,53
113626482,25638246,52
113626482,29482484,68
113626482,36229050,100
113626482,412902689,54
113925757,17845335,59
113925757,2526628,86
113925757,26742710,72
113925757,28287970,60
113925757,28661564,64
113925757,28731361,56
113925757,29753390,75
113925757,30798041,55
113925757,32639368,75
113925757,32823307,64
113925757,34532597,51
113925757,36190581,89
113925757,38018122,82
113925757,38019092,100
113925757,4078204,76
113925757,4238109,57
113979451,31789317,80
113979451,32922450,57
113979451,33522741,82
113979451,445844849,100
113979451,5366190,59
113982340,41462190,100
113985974,185616,52
113985974,31140326,60
113985974,450451057,70
113985974,498096,73
113985974,498758558,85
113985974,587778,100
114026555,30064977,100
114026555,30212890,70
114026555,3879546,56
114026555,509135782,51
114347541,26609335,52
114347541,343502,71
114347541,426852063,100
114418401,108478,56
114418401,19542337,74
114418401,25794009,64
114418401,29004400,62
114418401,29027056,61
114418401,29753366,52
114418401,35476049,81
114418401,38592976,74
114418401,436514312,54
114418401,439139384,61
114418401,440208476,58
114418401,468517654,64
114418401,486218073,90
114418401,518076124,62
114418401,531040898,73
114418401,536622304,100
114418401,64048,95
114418401,64634,71
114418401,776782,51
114418401,812400,80
114836079,133998,61
114836079,36199595,54
114836079,408332864,93
114836079,437250607,100
114892967,17982528,56
114892967,187341,64
114892967,2001320,58
114892967,25731497,92
114892967,2591047,56
114892967,26418808,59
114892967,27809038,80
114892967,28193020,88
114892967,31445772,58
114892967,32717164,100
114892967,33190483,95
114892967,411314899,52
114892967,418603177,65
114892967,4224657,59
114892967,432698441,61
114892967,442869386,68
114892967,446732031,67
114892967,475072295,52
1152031,18533984,100
115301384,1316460171,60
115301384,25862797,70
115301384,28111885,56
115301384,29009655,65
115301384,29747524,72
115301384,30967318,77
115301384,31445554,64
115301384,32217107,68
115301384,34200927,69
115301384,34380998,57
115301384,34690421,53
115301384,36664902,57
115301384,411314970,52
115301384,420069116,75
115301384,423228334,72
115301384,437289014,67
115301384,448763917,65
115301384,451703096,65
115301384,464674828,76
115301384,465921227,57
115301384,492146902,56
115301384,493646263,55
115301384,494865824,93
115301384,504624714,53
115301384,507134193,67
115301384,522511676,58
115301384,532777081,100
115301384,666443,98
115308716,139774,100
115319915,28427068,51
115319915,30841076,51
115319915,31445772,100
115319915,35845278,53
115319915,406072963,51
115319915,416552313,60
115642798,26220861,60
115642798,28191683,69
115642798,28613576,53
115642798,28631478,81
115642798,36607898,68
115642798,409941242,100
115642798,410802499,64
115642798,427595456,51
115642798,427595458,78
115642798,427595461,81
115642798,427614368,61
115642798,427614370,51
115642798,428642356,72
115642798,440353010,56
115642798,5390584,59
115642988,1300423079,55
115642988,16426514,57
115642988,16593590,69
115642988,19542337,56
115642988,20691479,51
115642988,26243686,71
115642988,3025239,74
115642988,30780506,54
115642988,31311327,61
115642988,401249910,51
115642988,406096683,79
115642988,412175989,72
115642988,425828457,100
115642988,437856225,56
115642988,439915614,51
115642988,461811935,57
115642988,498286600,60
115642988,516776413,71
115642988,551970345,54
115642988,551970438,79
115642988,986476,56
115664897,22731388,67
115664897,25929630,59
115664897,27514941,57
115664897,27906705,55
115664897,28191136,59
115664897,28254104,59
115664897,28456751,64
115664897,29095249,66
115664897,29378283,52
115664897,29480187,52
115664897,29719651,61
115664897,32924132,83
115664897,399341271,52
115664897,401249910,55
115664897,405485294,57
115664897,406475394,66
115664897,411349542,59
115664897,418603077,91
115664897,419250051,52
115664897,422790266,52
115664897,437387277,59
115664897,446874800,59
115664897,451981398,55
115664897,473441077,57
115664897,473740555,72
115664897,473817398,62
115664897,476323036,64
115664897,480579393,88
115664897,482809919,72
115664897,483671599,52
115664897,488256319,54
115664897,492834287,81
115664897,494858415,52
115664897,522320552,62
115664897,525239752,100
115676185,149297,64
115676185,19154097,60
115676185,22551663,76
115676185,25702068,54
115676185,27583635,58
115676185,27867140,100
115676185,28481189,72
115676185,28485819,84
115676185,292375,86
115676185,30431364,80
115676185,30431376,64
115676185,32507038,60
115676185,35288251,72
115676185,37988002,58
115676185,39443443,64
115676185,410518476,62
115684480,139774,100
115968766,109125,100
115968766,17531121,60
115968766,19885530,53
115968766,2081095,61
115968766,22704445,72
115968766,27588028,61
115968766,27588029,56
115968766,28692519,51
115968766,31917270,54
115968766,36797361,54
115968766,4049385,57
115968766,415086030,60
115968766,4173208,51
115968766,428391474,67
115968766,5263236,56
115968766,588368,52
115968766,622670,55
115968766,622872,73
116012188,17177367,63
116012188,17863892,58
116012188,26611135,51
116012188,29328071,57
116012188,29966565,81
116012188,37239018,100
116012188,4132379,61
116012188,461347998,56
116253932,16621540,52
116253932,27598146,90
116253932,28838745,57
116253932,29460377,57
116253932,3165930,71
116253932,368727,74
116253932,410628463,100
116253932,415792222,75
116255679,2188235,63
116255679,28875230,100
116255679,439915614,60
116255679,448393515,53
116255679,463754864,56
116255679,5261235,74
116300775,28563317,57
116300775,28815250,100
116300775,29379951,69
116300775,31445772,65
116300775,36229105,55
116300775,36308916,54
116300775,38576323,78
116300775,416892296,88
116314453,108493,100
116314453,1309394162,70
116314453,147030,53
116314453,1491585,57
116314453,25643291,67
116314453,417859631,89
116319783,135355,57
116319783,186016,60
116319783,22673504,58
116319783,25655008,93
116319783,26237342,52
116319783,27795934,53
116319783,27946386,51
116319783,27955658,51
116319783,29535690,55
116319783,29966565,100
116319783,32192436,52
116319783,32922451,52
116319783,33887243,52
116319783,37239171,65
116319783,386191,54
116319783,405372209,65
116319783,436698550,60
116319783,5086081,59
116319783,5366190,66
116319783,5397650,56
116333875,1596241,100
116333875,187848,62
116333875,188489,56
116333875,27754190,85
116333875,28481818,63
116333875,2919622,60
116333875,29947420,53
116333875,39122749,73
116333875,421423756,61
116333875,444269135,53
116333875,447916006,100
116333875,469243036,58
116498702,32639368,56
116498702,34144930,51
116498702,34229234,68
116498702,402070513,57
116498702,422419811,100
116498702,432792437,51
116676368,29750099,100
116676368,30953009,53
116676368,346089,51
116676368,440353010,61
116729623,103374,93
116729623,16593585,100
116729623,16593590,52
116729623,16593591,55
116729623,18161816,57
116729623,28660007,60
116729623,28660009,90
116729623,31445772,62
116729623,3404766,78
116729623,3405267,69
116729623,36103847,69
116729623,411907897,63
117000240,2001472,51
117000240,28732503,100
117000240,29307041,60
117000240,34144942,98
117000240,36025888,63
117000240,454224142,55
117000240,469065683,70
117000240,469104851,92
117000240,491686713,58
117000240,571545609,61
117064014,168053,85
117064014,1934649,58
117064014,28280046,54
117064014,28353303,66
117064014,28566216,99
117064014,30841627,54
117064014,31517702,63
117064014,35310714,70
117064014,3880078,70
117064014,402431562,100
117064014,454698657,78
117064014,461347998,63
117064014,479408180,59
117064014,4875911,59
117064014,499658,84
117064014,536622304,60
117309235,139774,51
117309235,16426485,60
117309235,16646460,56
117309235,1720010,100
117309235,1720034,93
117309235,1933598,65
117309235,22425130,85
117309235,26511658,55
117309235,27591140,81
117309235,2870865,68
117309235,31445772,57
117309235,32835377,63
117309235,476659144,55
117326426,157757,65
117326426,1934649,54
117326426,1935918,56
117326426,2117009,55
117326426,21616330,100
117326426,26349639,71
117326426,26350246,57
117326426,27262263,55
117326426,27706564,54
117326426,28694864,56
117326426,28737747,81
117326426,29715736,62
117326426,35847388,62
117326426,4176043,83
117326426,4972509,66
117358698,111490,100
117358698,113610,52
117358698,1212320,59
117358698,139377,53
117358698,185649,80
117358698,188522,68
117358698,19542337,73
117358698,19945735,51
117358698,253924,57
117358698,25642952,70
117358698,25727424,53
117358698,25788001,56
117358698,27472194,75
117358698,27867506,59
117358698,27937678,66
117358698,28167485,56
117358698,28285910,51
117358698,28285912,58
117358698,28378127,53
117358698,28427793,56
117358698,28445257,64
117358698,28458116,56
117358698,28853825,65
117358698,29414561,77
117358698,29825667,57
117358698,31356499,62
117358698,31545205,56
117358698,316510,65
117358698,316938,52
117358698,317868,52
117358698,31789010,66
117358698,32019002,67
117358698,33410934,63
117358698,33522741,84
117358698,33937527,89
117358698,34144434,61
117358698,34144942,52
117358698,34229234,73
117358698,36198480,58
117358698,36308588,52
117358698,370776,58
117358698,38019041,59
117358698,39324743,52
117358698,394488,71
117358698,399410693,69
117358698,40140657,88
117358698,402073804,51
117358698,406238,55
117358698,407002484,57
117358698,417859631,72
117358698,418603077,54
117358698,436514312,60
117358698,440411424,65
117358698,5265565,89
117358698,64443,91
117358698,65765,61
117358698,65797,66
117571835,19081573,90
117571835,29784060,64
117571835,29797698,100
117571835,29950126,79
117571835,404182775,59
117571835,409031409,60
117571835,415904438,60
117571835,429348598,65
117571835,433103084,90
117571835,4341314,85
117594402,1294910052,55
117594402,150619,67
117594402,16667371,56
117594402,16667374,55
117594402,185694,51
117594402,20707713,55
117594402,22497479,54
117594402,25645678,61
117594402,26349639,75
117594402,26349640,63
117594402,26472986,65
117594402,26520608,57
117594402,28174846,54
117594402,28240661,64
117594402,28302061,54
117594402,28814333,55
117594402,29737634,77
117594402,344157,69
117594402,351619,59
117594402,36307081,57
117594402,3949380,59
117594402,3949386,52
117594402,3950792,52
117594402,399353833,55
117594402,399405282,68
117594402,4017469,51
117594402,420386024,86
117594402,431610014,65
117594402,438462713,58
117594402,438801442,58
117594402,480575340,56
117594402,480575343,69
117594402,480579330,86
117594402,480579331,100
117594402,480579336,67
117594402,498577487,64
117594402,5189832,62
117922676,1231775,51
117922676,16593593,54
117922676,21157332,52
117922676,2587335,86
117922676,26330052,70
117922676,28582816,53
117922676,28590262,51
117922676,31477432,84
117922676,32069280,62
117922676,36607906,57
117922676,4083902,89
117922676,408772848,66
117922676,4152570,63
117922676,418603177,64
117922676,4207660,80
117922676,422977036,100
117922676,451703096,61
117922676,521380385,60
117922676,588368,78
117922676,93948,60
117951994,1303027537,60
117951994,27808044,52
117951994,32341279,100
117951994,37196629,52
117951994,411315791,60
117951994,411315797,76
117951994,434550484,92
117951994,460043704,52
117951994,498942717,80
117951994,512359195,52
117951994,536622304,62
117951994,557579695,52
117966276,20744788,57
117966276,28285910,51
117966276,39224614,86
117966276,423314688,67
117966276,512358200,82
117966276,516818336,100
117966276,557348606,59
117966276,571338448,75
117995607,110524,81
117995607,139774,64
117995607,16409470,53
117995607,19053304,54
117995607,22006156,62
117995607,22683613,59
117995607,276847,57
117995607,29843583,100
117995607,33937195,85
117995607,404783362,55
117995607,785902,69
117995607,93465,52
117999021,26601323,54
117999021,27646786,93
117999021,27808044,75
117999021,28593199,59
117999021,292815,52
117999021,30431376,56
117999021,30967498,54
117999021,404784564,66
117999021,4224657,56
117999021,474567580,100
118286104,287231,100
118287658,21253876,73
118287658,27298894,84
118287658,27506733,52
118287658,29732992,53
118287658,3320821,58
118287658,415792916,52
118287658,418602084,60
118287658,418603076,52
118287658,418603077,57
118287658,509518010,100
118287658,536099160,53
118287658,64833,84
118287658,701026,79
118348962,110191,53
118348962,133998,53
118348962,186016,63
118348962,207497,59
118348962,22712173,55
118348962,25640582,63
118348962,26508186,57
118348962,27646786,55
118348962,27747330,65
118348962,28285910,65
118348962,28838055,92
118348962,29047169,61
118348962,2919622,59
118348962,29567191,84
118348962,301213,84
118348962,310690,51
118348962,31445772,55
118348962,31654455,61
118348962,32785700,51
118348962,35476049,69
118348962,36492753,51
118348962,3935139,57
118348962,408814900,67
118348962,409654891,51
118348962,418603077,100
118348962,421423806,61
118348962,427542109,51
118348962,4341314,51
118348962,436514312,65
118348962,64293,51
118348962,857896,61
118353090,28568215,51
118353090,28892385,68
118353090,29719782,60
118353090,32752206,84
118353090,34731033,58
118353090,36307466,86
118353090,37240487,53
118353090,399953113,100
118353090,401249910,52
118353090,402070263,88
118353090,402073250,87
118353090,407441554,75
118353090,412902496,68
118353090,427606933,88
118353090,448279341,61
118353090,483937795,75
118353090,502238186,54
118764030,2177197,95
118764030,38358214,100
118764030,440099,61
118764090,1212320,100
118764090,27612175,93
118764090,31514884,61
118764090,41630480,52
118764090,461347998,60
118764090,483671599,72
118764090,505449407,64
118775694,28188171,58
118775694,28871109,51
118775694,31273503,100
118775694,31421324,77
118775694,34072434,53
118775694,420069130,52
118775694,424264265,60
118775694,429482351,73
118775694,438803689,51
118789692,1293912606,72
118789692,1699535,53
118789692,1793093,54
118789692,21965691,69
118789692,22676176,53
118789692,24718863,66
118789692,2587970,100
118789692,28013089,56
118789692,28254854,88
118789692,30967826,58
118789692,31090494,67
118789692,34228369,74
118789692,38673690,52
118789692,419250051,51
118789692,427142481,65
118789692,432698441,59
118789692,451703096,93
118789692,480409483,53
118824759,438462271,74
118824759,466122659,86
118824759,999433,100
120308019,108931,57
120308019,188432,51
120308019,28978321,52
120308019,31090820,88
120308019,31529024,100
120308019,36990266,67
120308019,415792222,68
120308019,431080419,60
120308019,439915614,65
120308019,447925066,58
120308019,469243036,82
120308019,66476,95
120441443,28029479,65
120441443,28923009,60
120441443,34084649,100
120441443,34468306,54
120441443,404184357,73
120441443,409031374,52
120441443,420513143,54
120441443,421160207,79
120441443,424477572,56
120441443,427595456,69
120441443,431096963,100
120441443,4341318,97
120441443,435289311,69
120441443,534541552,79
120816268,168620,54
120816268,18611598,51
120816268,2001320,51
120816268,21151458,80
120816268,27562984,81
120816268,27808295,63
120816268,28850414,54
120816268,29802225,83
120816268,30953009,57
120816268,31445772,58
120816268,34017162,55
120816268,34200332,52
120816268,35476192,56
120816268,38574742,67
120816268,38592976,60
120816268,404465600,56
120816268,405167769,61
120816268,406000649,52
120816268,410042104,57
120816268,410801653,72
120816268,412175360,100
120816268,415090660,84
120816268,418257607,58
120816268,418326527,65
120816268,420400344,53
120816268,420401716,61
120816268,423776553,57
120816268,423776554,53
120816268,433103670,77
120816268,468252710,62
120816268,468800755,98
120816268,483258363,80
120816268,5267808,58
120816268,91269,57
121878529,254328,59
121878529,27902200,55
121878529,28188427,57
121878529,28412903,57
121878529,28747438,67
121878529,29774167,56
121878529,29812086,100
121878529,30352891,53
121878529,32217108,57
121878529,32317086,76
121878529,32526859,59
121878529,33510199,66
121878529,33887884,71
121878529,37095428,93
121878529,37240492,56
121878529,401250430,77
121878529,414706265,51
121878529,421563711,75
121878529,427609548,56
121878529,435306744,57
121878529,442315424,57
121878529,461859867,89
121878529,473573485,82
121878529,502455412,65
121878529,516358164,57
121878529,518673214,56
121878529,5350861,61
121878529,544247584,52
123629792,27676299,53
123629792,28959138,58
123629792,30612348,60
123629792,30987373,53
123629792,31477361,66
123629792,33410937,57
123629792,34040349,51
123629792,3418139,73
123629792,36990266,100
123629792,407002700,71
123629792,407002701,75
123629792,407007643,67
123629792,407007644,60
123629792,407007645,64
123629792,421203208,75
123629792,515269424,53
123629792,571338083,60
123936590,1285604,64
123936590,16343561,64
123936590,16483438,51
123936590,16500680,51
123936590,1786869,65
123936590,18155760,75
123936590,1923416,66
123936590,1935589,53
123936590,193773,62
123936590,1989359,56
123936590,26324170,51
123936590,26538953,56
123936590,27064082,52
123936590,27472194,71
123936590,27494036,66
123936590,27562256,51
123936590,27804336,52
123936590,27863779,100
123936590,27907921,60
123936590,28757021,95
123936590,29009655,72
123936590,29307030,53
123936590,29556050,57
123936590,29709786,55
123936590,30431376,57
123936590,30967306,58
123936590,30967826,84
123936590,31517702,53
123936590,32807827,80
123936590,33525750,85
123936590,35470649,71
123936590,36198480,58
123936590,36255336,51
123936590,36308916,52
123936590,37955044,59
123936590,427542418,52
123936590,435592093,84
123936590,453185038,77
123936590,518015108,60
12531618,185924,100
12531618,186016,95
126187007,1491585,52
126187007,171269,52
126187007,29567189,59
126187007,30064292,72
126187007,30854743,68
126187007,31789317,59
126187007,34749067,79
126187007,356034,100
126187007,415792906,83
126187007,430026915,75
126187007,451016086,62
126187007,466884752,66
126187007,573583159,54
127734357,27698434,73
127734357,28089958,51
127734357,29378279,100
127734357,29593517,80
127734357,368962,66
127734357,419596767,52
127734357,427142869,81
1300832944,1306552762,62
1300832944,255294,64
1300832944,25648017,67
1300832944,27759600,100
1300832944,29759733,56
1300832944,35625821,94
1300832944,442314991,67
1300832944,4433364,51
1300832944,445154960,54
1300832944,461347998,51
1300832944,465920905,59
1300832944,522444650,64
1300832944,523251118,62
1300832944,525086802,51
1300832944,542690276,54
1300832944,571340529,54
1308728877,28296274,68
1308728877,28870073,60
1308728877,29544534,64
1308728877,30375354,61
1308728877,32785215,100
1308728877,34144942,82
1308728877,34722449,62
1308728877,482636852,84
1308728877,526904859,55
1308728877,556203085,64
1313467958,108242,51
1313467958,37653063,72
1313467958,38576323,69
1313467958,452986458,58
1313467958,459723209,55
1313467958,483671599,51
1313467958,512359196,58
1313467958,523251118,83
1313467958,529825010,79
1313467958,531040898,60
1313467958,536622304,53
1313467958,542364335,100
1313467958,556207027,62
1313467958,862099159,60
1313467958,865460702,74
131700918,28613217,100
131700918,32922450,90
131700918,34084649,56
131920762,16780426,76
131920762,26188041,100
131920762,26294503,88
131920762,28569056,53
131920762,28798439,69
131920762,306641,57
131920762,33035611,65
131920762,402070513,61
131920762,406000649,100
131920762,407002483,80
131920762,41636850,53
131920762,421423806,69
131920762,447279735,57
131920762,449578813,61
131920762,449818741,53
131920762,454811645,57
131920762,475277345,73
131920762,502691500,57
131920762,5410826,92
1326132921,139774,51
1326132921,26092806,73
1326132921,28018075,65
1326132921,28208046,61
1326132921,29759733,59
1326132921,407002483,67
1326132921,409650851,59
1326132921,416384379,71
1326132921,441491828,100
1326132921,452986458,67
1326132921,453927826,51
1326132921,480580003,59
1326132921,4875084,53
1326132921,509506034,59
1326132921,526464145,59
1326132921,528772011,73
1326132921,534540498,61
1326132921,545314781,71
1326132921,558597916,71
1326132921,574921549,75
1326132921,865021364,61
1326132921,865021614,55
133121998,16780426,99
133121998,208927,65
133121998,28875325,100
133121998,28923016,51
133121998,29572508,74
133121998,37240630,74
133121998,405597458,60
133121998,425828457,51
133121998,426881500,64
133121998,440317634,63
133121998,458697639,96
133121998,460043710,55
133121998,482796512,71
1332880481,247165,52
1332880481,26505369,66
1332880481,26830428,55
1332880481,27598327,100
1332880481,407889965,53
1332880481,460043753,61
1332880481,483937795,54
1332880481,507532178,52
1332880481,516323185,80
1332880481,545350946,59
1332880481,562881550,70
133874452,102187,100
133874452,133998,55
133874452,185868,89
133874452,185924,52
133874452,185982,51
133874452,186005,67
133874452,29947420,73
133874452,31546888,54
133874452,33418570,72
133874452,415792064,55
133941920,1290513,59
133941920,1696812,51
133941920,186016,56
133941920,208902,51
133941920,25843040,58
133941920,27510434,56
133941920,27598482,55
133941920,27646205,56
133941920,28590262,59
133941920,29738938,79
133941920,31654490,55
133941920,32102752,75
133941920,32166834,59
133941920,32174122,54
133941920,32922450,60
133941920,33367534,55
133941920,33556391,55
133941920,38576323,51
133941920,399340227,52
133941920,400246100,52
133941920,400875223,81
133941920,401722082,52
133941920,402070862,55
133941920,402073638,77
133941920,40249612,70
133941920,404784178,74
133941920,407889392,74
133941920,417859241,86
133941920,428375722,55
133941920,431610014,60
133941920,432506809,66
133941920,436514312,63
133941920,455764583,100
1343981239,18733192,70
1343981239,19150930,58
1343981239,255858,56
1343981239,27836839,60
1343981239,28626072,52
1343981239,2872197,65
1343981239,29743607,54
1343981239,29794260,58
1343981239,405597568,73
1343981239,445154186,71
1343981239,466126510,58
1343981239,4875075,64
1343981239,518894283,100
1343981239,525241230,72
1343981239,536099160,90
1343981239,553543014,53
1343981239,557581967,72
1343981239,571340283,56
1343981239,574921549,79
134599569,1285604,66
134599569,1491212,64
134599569,16139381,68
134599569,19945735,76
134599569,20952120,66
134599569,26092806,59
134599569,26103228,70
134599569,27795934,100
134599569,27853739,59
134599569,27965138,70
134599569,27970139,57
134599569,27995584,80
134599569,28013089,60
134599569,28059579,76
134599569,28394558,59
134599569,28394560,58
134599569,28406990,69
134599569,28456751,57
134599569,28458116,67
134599569,28782442,55
134599569,28822682,54
134599569,28828365,54
134599569,29307038,62
134599569,29455784,67
134599569,29460370,57
134599569,29544794,70
134599569,29751714,57
134599569,29802123,68
134599569,30431672,60
134599569,30569233,54
134599569,30621332,72
134599569,30841014,51
134599569,30953145,80
134599569,31384066,61
134599569,31384067,78
134599569,31421417,56
134599569,31446913,81
134599569,31789001,79
134599569,31861177,77
134599569,31877563,62
134599569,31877579,89
134599569,32166834,69
134599569,32364792,74
134599569,32717970,69
134599569,33024066,80
134599569,33035577,67
134599569,33162226,55
134599569,33211202,59
134599569,33361503,54
134599569,33516495,79
134599569,33527587,59
134599569,33955443,75
134599569,33984675,69
134599569,34923195,54
134599569,34998385,64
134599569,35270612,56
134599569,36307668,69
134599569,3944160,72
134599569,3947467,81
134599569,403710016,53
134599569,404184010,55
134599569,408332864,58
134599569,4128805,67
134599569,4224657,85
134599569,425280601,57
134599569,455311479,71
134599569,462688242,60
134599569,473940907,60
134599569,476245742,58
134599569,479764527,51
134599569,483156032,65
134599569,484311794,74
134599569,487587281,67
134599569,488647281,63
134599569,508770851,52
134599569,857896,54
134914495,19613882,100
134914495,29534644,56
135350768,1321385655,53
135350768,22654572,64
135350768,22654573,76
135350768,22677436,54
135350768,26418997,88
135350768,28195194,52
135350768,28613680,51
135350768,28830337,52
135350768,29307041,51
135350768,29732957,51
135350768,30854398,71
135350768,32897672,54
135350768,33054224,52
135350768,34923862,58
135350768,36496353,52
135350768,36894755,70
135350768,38582573,63
135350768,407764392,67
135350768,409941358,59
135350768,411356060,71
135350768,41640890,58
135350768,421870344,80
135350768,423776786,68
135350768,432509390,68
135350768,441430249,56
135350768,447292674,68
135350768,459717345,78
135350768,460514067,100
135350768,462012620,59
135350768,5067882,64
135350768,510213198,55
135350768,511917431,65
135350768,512359198,54
135350768,512376195,52
135350768,526216214,55
135350768,555974256,58
13887680,1087399,52
13887680,187374,55
13887680,188492,100
13887680,28748038,57
19969120,1491758,63
19969120,1604486,73
19969120,16347673,53
19969120,17654232,73
19969120,17783969,76
19969120,18973351,73
19969120,19192338,80
19969120,2184107,90
19969120,2313952,60
19969120,2529311,80
19969120,25730757,56
19969120,25730796,60
19969120,25730836,53
19969120,25731320,66
19969120,26508116,83
19969120,27501701,53
19969120,27969800,100
19969120,28095742,76
19969120,28188171,66
19969120,28461430,56
19969120,28557223,76
19969120,28708061,53
19969120,28717854,66
19969120,28724178,60
19969120,29019227,53
19969120,29732659,70
19969120,3418139,60
19969120,37092549,53
19969120,399410693,63
19969120,419250051,60
19969120,668255,66
20212090,156820,100
2402269,26522011,53
2402269,382898,100
2402269,4164331,51
246332270,26294503,56
246332270,3986017,100
246332270,486814412,74
246332270,5201820,68
24890601,28935322,100
2521133,28796621,64
2521133,2919622,52
2521133,29722582,55
2521133,29844298,79
2521133,3934961,67
2521133,3978685,100
2521133,4377677,77
256952836,29043459,100
256952836,5410828,64
257037405,21253876,93
257037405,408532329,100
257037405,442030089,60
257037405,456185223,80
257037405,486999077,79
257234401,29572513,51
257234401,35437414,56
257234401,37857000,63
257234401,37988002,53
257234401,420154630,55
257234401,460043705,64
257234401,501133611,98
257234401,503207093,100
257234401,514235010,69
257234401,516776413,61
257234401,516818336,84
257234401,516823324,68
257234401,516823325,54
257234401,516823326,54
257234401,516827355,58
257234401,518066666,52
257234401,529825010,52
257234401,556204150,52
264323634,1210496,100
264323634,2411634,55
264323634,26581079,92
264323634,27896227,96
264323634,2872197,77
264323634,29722232,77
264323634,307780,59
264323634,34834413,70
26704790,109998,62
26704790,1210496,53
26704790,168280,62
26704790,19182546,82
26704790,210837,53
26704790,22822602,58
26704790,26073223,53
26704790,26418808,59
26704790,26702737,55
26704790,28095742,67
26704790,28406990,52
26704790,2871368,55
26704790,28815250,53
26704790,28830412,51
26704790,28953980,58
26704790,29019227,91
26704790,29556027,62
26704790,29802490,62
26704790,29966565,77
26704790,29984441,83
26704790,30070681,59
26704790,30590170,67
26704790,306626,53
26704790,30903196,58
26704790,32450986,51
26704790,32628933,59
26704790,32897025,100
26704790,33162226,64
26704790,33337096,51
26704790,34057518,70
26704790,34248654,55
26704790,35848778,56
26704790,387588,65
26704790,403710395,67
26704790,404375,55
26704790,411921855,51
26704790,436514312,52
26704790,5053289,79
26704790,5189655,51
26704790,5264843,83
26704790,64317,52
26704790,65538,51
26704790,69827,61
26704790,86279,73
267193607,31445772,71
267193607,32192436,52
267193607,38576323,54
267193607,432509483,55
267193607,461347998,100
268149434,483671599,58
268149434,516321290,55
268149434,562598081,100
278181972,108539,89
278181972,133998,89
278181972,1984625,66
278181972,21406133,69
278181972,27965044,67
278181972,33705767,61
278181972,412327304,54
278181972,415792881,80
278181972,468513829,100
278181972,4878122,92
279979684,507761891,100
280263744,28188171,100
280263744,28947009,52
280263744,29728259,72
280263744,34338052,58
280263744,36496695,88
280263744,37857000,65
280263744,401250892,54
280263744,410801521,67
280263744,441107979,62
280263744,481519556,69
280263744,514761281,59
281199415,31352520,86
281199415,31352521,100
281199415,31352522,90
281199415,31352526,84
285326956,22663110,59
285326956,29137871,100
285326956,437290645,58
285326956,461811935,65
285326956,504264372,59
285326956,516358164,99
28541391,108220,53
28541391,109114,60
28541391,110229,51
28541391,1297650,62
28541391,16432344,64
28541391,187341,71
28541391,190241,64
28541391,19033169,51
28541391,190526,52
28541391,1934649,100
28541391,20707713,79
28541391,208982,55
28541391,223715,53
28541391,223755,67
28541391,22842458,51
28541391,22843074,59
28541391,22843101,57
28541391,22844012,78
28541391,256478,53
28541391,26045015,60
28541391,26145664,59
28541391,26243686,73
28541391,27583489,59
28541391,277111,79
28541391,28737747,65
28541391,28850210,59
28541391,29011143,72
28541391,300432,55
28541391,31010794,71
28541391,316486,53
28541391,34586075,62
28541391,406907311,51
28541391,5093684,67
28541391,5169921,78
28541391,5190225,54
28541391,5301382,52
28541391,64922,65
286344245,16435050,85
286344245,187564,57
286344245,19945735,88
286344245,27713963,72
286344245,28485819,78
286344245,28525829,59
286344245,29759733,84
286344245,29966565,53
286344245,31152209,76
286344245,31370984,60
286344245,32303180,71
286344245,32337732,72
286344245,32639368,63
286344245,35283286,60
286344245,35288251,52
286344245,37955044,59
286344245,401249910,76
286344245,404184357,79
286344245,407002483,54
286344245,411315504,57
286344245,418603076,64
286344245,423228325,73
286344245,433018990,100
286344245,442605338,78
286344245,444745161,52
286344245,451703096,83
286344245,456185298,66
286344245,461347998,64
286344245,462895657,86
286344245,468513829,66
286344245,473817398,67
286344245,474305506,57
286344245,496869523,96
286344245,509311681,61
286344245,5150332,55
286344245,531051217,57
291068151,108478,57
291068151,191429,78
291068151,26090093,65
291068151,27907987,55
291068151,2866921,60
291068151,28731108,76
291068151,32272437,52
291068151,35331692,60
291068151,37653063,52
291068151,3949444,55
291068151,428095913,52
291068151,440208643,86
291068151,441618460,52
291068151,465920905,55
291068151,468423427,55
291068151,472117541,52
291068151,472944295,52
291068151,478848008,55
291068151,479028095,52
291068151,479598964,55
291068151,479979010,100
291068151,480426527,68
291068151,481519556,60
291068151,489506275,65
291068151,501900877,57
291068151,512365425,65
291068151,521988149,52
297273529,108242,57
297273529,108251,52
297273529,114741,56
297273529,167802,58
297273529,19081573,51
297273529,227012,54
297273529,25714352,66
297273529,25727660,84
297273529,26390073,52
297273529,26508186,51
297273529,27646205,55
297273529,27731351,53
297273529,27759600,56
297273529,27808044,53
297273529,27867140,54
297273529,27955653,62
297273529,28285910,74
297273529,28978321,56
297273529,29759733,53
297273529,30953009,57
297273529,31654747,52
297273529,32192436,100
297273529,32196778,58
297273529,32507038,78
297273529,33544375,70
297273529,38576323,52
297273529,401249910,51
297273529,408307966,70
297273529,415792881,75
297273529,418257910,59
297273529,429450375,56
297273529,432506367,97
297273529,435288399,57
297273529,435996108,77
297273529,436514312,54
297273529,437292675,60
297273529,439915614,55
297273529,440353010,62
297273529,444269912,77
297273529,450226742,68
297273529,468517654,80
297273529,471385043,77
297273529,482988834,62
297273529,523251474,59
297273529,557583281,60
297273529,66253,65
297273529,69827,57
297273529,86369,51
30196687,16494072,58
30196687,1987888,51
30196687,21253958,65
30196687,21971060,52
30196687,27644359,71
30196687,27678655,61
30196687,27901044,68
30196687,28285910,54
30196687,28793140,57
30196687,28802028,90
30196687,28923579,52
30196687,28987656,55
30196687,29019227,57
30196687,29019232,61
30196687,2920006,65
30196687,29418042,76
30196687,29722441,55
30196687,299510,63
30196687,30590929,71
30196687,35617505,67
30196687,35956934,64
30196687,36190361,60
30196687,36308884,54
30196687,401250370,62
30196687,411214279,100
30196687,412902950,52
30196687,417833986,51
30196687,427542418,55
30196687,427542431,72
30196687,436487129,54
30196687,444269135,82
30196687,449818962,77
30196687,460043702,52
30196687,461518855,54
30196687,469243036,57
30196687,473742028,52
30196687,519909665,60
303253160,27583305,70
303253160,28815250,68
303253160,28923579,67
303253160,2919622,56
303253160,38592976,60
303253160,439915614,72
303253160,483671599,91
303253160,509313150,59
303253160,531295576,81
303253160,543607345,100
303253160,545799244,58
303253160,557581284,53
305514959,28656171,100
312515255,523250559,100
315290399,29497924,51
315290399,476347923,61
315290399,512365425,100
315290399,515432924,52
315290399,515803379,65
315290399,516962492,55
315290399,640545,60
335145952,101387,63
335145952,108108,72
335145952,108269,56
335145952,108418,63
335145952,1215678,70
335145952,1376614,65
335145952,1477670,53
335145952,16426514,73
335145952,16841667,54
335145952,17271180,65
335145952,17579515,53
335145952,18449193,53
335145952,185852,51
335145952,18611643,76
335145952,18658960,70
335145952,18658961,67
335145952,19567353,51
335145952,2006865,58
335145952,202368,67
335145952,202373,64
335145952,20707571,56
335145952,2080326,51
335145952,209326,65
335145952,210281,67
335145952,21534286,57
335145952,22281622,67
335145952,224000,75
335145952,229413,60
335145952,2308499,59
335145952,2530225,55
335145952,2534006,56
335145952,25642129,63
335145952,25657280,61
335145952,25657445,53
335145952,25699064,67
335145952,25706282,54
335145952,25918424,80
335145952,25986095,53
335145952,26620756,67
335145952,27556211,68
335145952,277302,63
335145952,27759600,56
335145952,27955653,55
335145952,27955656,82
335145952,280581,51
335145952,287035,77
335145952,287063,59
335145952,28815250,57
335145952,2919622,60
335145952,29431066,54
335145952,29567191,71
335145952,29593805,54
335145952,29761121,55
335145952,30635706,52
335145952,31066723,53
335145952,31473269,59
335145952,31877562,65
335145952,32507038,81
335145952,34916673,58
335145952,34923114,52
335145952,3560369,53
335145952,3986017,60
335145952,3986241,62
335145952,4173190,62
335145952,436514312,100
335145952,4433364,53
335145952,450048216,84
335145952,463324978,60
335145952,464009783,61
335145952,471385043,63
335145952,5057950,53
335145952,516657051,55
335145952,5179544,77
335145952,5253801,58
335145952,60265,58
335145952,64699,68
335145952,67002,59
335145952,85544,52
335145952,85571,61
335145952,85578,72
33577772,27032783,70
33577772,27646196,51
33577772,27646197,56
33577772,31654455,80
33577772,31654478,100
33577772,347355,55
336628923,208902,100
336628923,31062663,65
336628923,465921227,56
336628923,466122271,73
336628923,468517654,88
33682734,1426503,76
33682734,16343629,73
33682734,16343632,51
33682734,27756683,72
33682734,28283137,100
33682734,29819836,81
33682734,32507038,52
33682734,32548972,84
33682734,35435055,67
343171909,36539010,51
343171909,444269135,61
343171909,466682973,51
343171909,544247584,100
344038695,22679425,57
344038695,26537202,66
344038695,276936,71
344038695,28546527,56
344038695,28699476,55
344038695,28891491,51
344038695,28993131,54
344038695,29418632,53
344038695,29807512,52
344038695,31721425,72
344038695,32166628,51
344038695,33418570,65
344038695,33469659,65
344038695,36895537,52
344038695,38592319,54
344038695,399353211,79
344038695,411907567,51
344038695,420500742,65
344038695,421423806,54
344038695,422960028,62
344038695,424262056,53
344038695,432509414,56
344038695,436346745,51
344038695,442314991,64
344038695,453130276,52
344038695,454129387,52
344038695,456185223,58
344038695,472361236,51
344038695,4900861,100
344038695,509750823,96
344038695,5264842,99
344038695,571338448,72
344038695,854219,51
350795969,409649830,100
350795969,452986458,58
350795969,481112879,70
350795969,496869422,55
354054565,17706562,63
354054565,29719651,90
354054565,29750825,54
354054565,37202030,59
354054565,420922950,81
354054565,426027996,100
354054565,437250607,77
354054565,440208476,63
354054565,441491080,54
354054565,446944028,54
354054565,451703096,77
354054565,452986458,81
354054565,465920905,86
354054565,478303470,59
354054565,480580003,54
354054565,501133611,54
354054565,509728806,54
354054565,512365425,59
354054565,516657140,86
354054565,545592271,54
354054565,548650088,63
354054565,550136151,63
354054565,550138132,54
354054565,863046037,95
3574878,22712173,100
3574878,2698075,57
363035255,26404065,53
363035255,28819627,53
363035255,29781508,73
363035255,32574252,55
363035255,34998955,54
363035255,38358276,51
363035255,419250357,90
363035255,427416504,100
363035255,488641080,61
371804612,2919622,51
371804612,440353010,100
372498553,130051,67
372498553,133998,84
372498553,176062,88
372498553,25706279,84
372498553,25706282,94
372498553,25788001,78
372498553,31654343,100
372498553,33419621,63
372498553,36587407,67
372498553,484057003,93
372498553,490602750,68
372498553,511920347,61
372498553,523251118,60
376156197,28577372,79
376156197,427595458,100
37768035,26608077,60
37768035,424474124,100
380199335,28242986,80
380199335,468475161,100
391524837,467595237,100
391524837,531295576,55
391524837,532126822,69
391724601,16439857,57
391724601,28285910,100
391724601,29797698,64
391724601,406475394,82
391724601,465920664,60
391724601,483024225,51
391724601,5188837,66
391724601,524149464,53
391724601,525241394,57
394753391,451703096,59
394753391,501133611,100
395312104,101397,62
395312104,185884,75
395312104,185886,65
395312104,185924,58
395312104,186001,65
395312104,186002,72
395312104,186010,65
395312104,186119,68
395312104,21375446,58
395312104,21794248,62
395312104,25882982,68
395312104,26496942,58
395312104,26989255,58
395312104,27580733,58
395312104,27630615,65
395312104,27876900,65
395312104,27911432,72
395312104,27949670,62
395312104,28167053,93
395312104,28181126,79
395312104,28188171,68
395312104,28363806,65
395312104,28391359,82
395312104,28665554,65
395312104,28747429,68
395312104,29405904,58
395312104,29418363,68
395312104,29460504,58
395312104,29533166,58
395312104,29747649,62
395312104,29844491,79
395312104,29953681,62
395312104,30706279,58
395312104,30967419,62
395312104,31594436,58
395312104,31719601,62
395312104,31877724,62
395312104,32063426,65
395312104,32639368,75
395312104,32897214,58
395312104,33035611,75
395312104,33190773,62
395312104,33579194,58
395312104,34144434,62
395312104,34228628,62
395312104,34880033,62
395312104,34928635,62
395312104,35270614,62
395312104,35314131,62
395312104,35331935,65
395312104,35527030,58
395312104,35539156,93
395312104,357126,62
395312104,36492196,65
395312104,36921562,65
395312104,37653063,65
395312104,38392603,58
395312104,3986376,68
395312104,403711524,62
395312104,404543571,65
395312104,406072193,62
395312104,406360,65
395312104,408532900,58
395312104,409647737,62
395312104,411921779,62
395312104,413812611,75
395312104,413829844,100
395312104,416552507,79
395312104,420513779,58
395312104,424264505,58
395312104,425280096,89
395312104,425298706,62
395312104,431534069,68
395312104,4341314,75
395312104,434550488,58
395312104,434550495,58
395312104,439139112,72
395312104,440101136,62
395312104,440317256,58
395312104,444267496,75
395312104,450041176,82
395312104,451703096,62
395312104,453185808,75
395312104,470547658,58
395312104,471761315,58
395312104,473602620,58
395312104,475207414,65
395312104,476630942,65
395312104,482988471,68
395312104,482999696,58
395312104,488641324,65
395312104,495307400,72
395312104,4993317,58
395312104,511364880,65
395312104,515101533,58
395312104,515454330,62
395312104,518895684,65
395312104,519265060,93
395312104,522617172,72
395312104,527849177,75
395923152,22852057,97
395923152,29004400,58
395923152,425136345,61
395923152,440208476,82
395923152,452986458,53
395923152,461347998,61
395923152,471385043,58
395923152,474922552,65
395923152,478303470,66
395923152,483671599,60
395923152,489506275,56
395923152,513360721,56
395923152,515143305,56
395923152,515269424,62
395923152,518725853,83
395923152,562598081,71
395923152,571338279,100
396417315,168044,72
396417315,168111,65
396417315,168138,56
396417315,25867002,59
396417315,26090155,59
396417315,26508186,56
396417315,26508240,52
396417315,26522011,70
396417315,28009051,75
396417315,28577625,63
396417315,28815250,56
396417315,29787426,100
396417315,30780496,59
396417315,30987293,90
396417315,34722449,59
396417315,35476049,56
396417315,357263,88
396417315,357272,65
396417315,357279,84
396417315,3880720,72
396417315,418602088,63
396417315,421423806,61
396417315,441116675,61
396417315,448317748,59
396417315,451703096,63
396417315,5079635,59
396417315,5189832,77
396417315,5264275,59
396417315,526464293,63
396417315,569214126,54
396417315,63628,72
396417315,863046037,54
39971968,27907392,100
39971968,493981,74
39971968,857896,67
399760575,18828737,52
399760575,2080326,66
399760575,28256115,90
399760575,287565,52
399760575,28830411,62
399760575,29539085,57
399760575,30394891,66
399760575,34229234,88
399760575,3950792,64
399760575,418602088,72
399760575,432698441,100
399760575,469699866,79
399760575,5134005,78
403412685,2589422,68
403412685,26402069,55
403412685,27867140,56
403412685,29966565,100
403412685,32705017,60
403412685,421423756,54
403412685,439139384,69
403412685,463019694,52
403412685,488267621,78
403412685,530986444,52
403412685,72408,57
404589833,1296583172,51
404589833,16431979,60
404589833,21038467,51
404589833,22699108,60
404589833,25721098,53
404589833,25787222,53
404589833,28138493,51
404589833,28178039,58
404589833,28613680,100
404589833,28977745,65
404589833,29017078,56
404589833,29713617,51
404589833,30569225,60
404589833,33937215,53
404589833,441116287,53
404589833,441835111,81
404589833,446935665,55
404589833,474932825,56
404589833,480426313,51
404589833,482988471,55
404589833,484058255,75
404589833,501133611,74
404589833,5366472,56
404589833,769693,82
416049961,30854210,58
416049961,32358691,100
420107941,27481762,52
420107941,27646205,57
420107941,33715893,54
420107941,3570196,66
420107941,431357712,100
420107941,461080452,61
420107941,468490461,87
420107941,548648087,52
42286312,1069282,71
42286312,27808770,57
42286312,27937389,53
42286312,28177270,54
42286312,28302383,56
42286312,28468756,51
42286312,28532062,56
42286312,28590233,55
42286312,28686798,71
42286312,28715188,55
42286312,28949512,58
42286312,29498914,52
42286312,29713316,92
42286312,31209066,82
42286312,31209068,79
42286312,33378269,60
42286312,35253022,52
42286312,408332572,81
42286312,410628463,71
42286312,411928387,65
42286312,418603077,53
42286312,427542077,80
42286312,4284389,54
42286312,431610321,55
42286312,447925342,57
42286312,449824663,55
42286312,467595413,62
42286312,473571515,67
42286312,487375361,60
42286312,488647315,57
42286312,490622016,59
42286312,491294233,68
42286312,500412390,78
42286312,505446115,100
42286312,506094040,56
42286312,516823096,58
42286312,857896,64
426772981,29966565,52
426772981,31421442,88
426772981,31445772,68
426772981,408814019,94
426772981,461525011,100
426772981,724751,64
42711344,1220787,100
429132227,26496640,100
435699251,407450660,100
44010249,185868,65
44010249,28188427,53
44010249,28219175,60
44010249,28987651,60
44010249,29713754,69
44010249,31473269,59
44010249,4071969,88
44010249,407441554,65
44010249,412911352,56
44010249,433103084,71
44010249,448065,67
44010249,493903,100
442817924,27571802,97
442817924,28411855,69
442817924,28481790,58
442817924,4278218,98
442817924,441479,100
442817924,496774187,93
442817924,5297149,77
442817924,801827,53
442817924,89032,68
442838427,454069168,64
442838427,464373539,100
450231319,514543514,100
467019189,503207093,54
467019189,514235010,51
467019189,516776413,69
467019189,516818336,87
467019189,516823324,59
467019189,516823325,53
467019189,516823327,100
468623507,4886281,100
46933295,108478,55
46933295,405079817,69
46933295,409872504,76
46933295,411907897,91
46933295,413812474,57
46933295,422428548,61
46933295,441491828,52
46933295,445666472,55
46933295,462861435,100
46933295,464377301,60
46933295,506360364,55
46933295,526472019,61
46933295,531051217,57
46933295,545771335,58
47134156,26619084,68
47134156,28310949,59
47134156,28403111,59
47134156,28442261,82
47134156,29747996,53
47134156,30841076,51
47134156,30951299,52
47134156,32548917,54
47134156,32924130,61
47134156,34228294,100
47134156,34722412,64
471592023,441491080,55
471592023,469410949,88
471592023,469699065,53
471592023,473873431,54
471592023,475207742,54
471592023,484314654,55
471592023,495848354,54
471592023,495848355,57
471592023,518088448,60
471592023,518088449,100
471592023,544247584,55
476600144,30053587,67
476600144,456185081,53
476600144,460043746,100
476600144,460043748,89
476600144,460043749,85
476600144,460043750,82
490060830,17239379,100
490060830,468176711,53
496511860,108224,51
496511860,108263,62
496511860,27662557,51
496511860,493283125,83
496511860,514761281,100
496511860,518894283,74
496511860,536622304,81
496511860,548556869,86
49827910,29436904,100
509172870,20110049,53
509172870,29797698,68
509172870,412175268,78
509172870,513360721,65
509172870,571338279,66
509172870,574566207,100
509172870,863481092,56
509302981,16343605,58
509302981,16431842,57
509302981,18274249,76
509302981,19167233,53
509302981,2009803,56
509302981,2313949,58
509302981,26619496,66
509302981,26625301,80
509302981,27553170,53
509302981,33418570,56
509302981,33937527,68
509302981,34228071,51
509302981,39449377,51
509302981,408440610,60
509302981,4153366,74
509302981,4153676,67
509302981,424262056,51
509302981,466795494,77
509302981,473873619,60
509302981,530408,100
51953451,22668844,100
51953451,490092,56
52612812,17678512,72
52612812,211277,96
52612812,212233,72
52612812,22829933,63
52612812,25706282,54
52612812,26427658,68
52612812,27759600,86
52612812,28731537,62
52612812,28936510,59
52612812,29095947,74
52612812,29436904,87
52612812,29567192,100
52612812,409646271,86
52612812,417859220,89
52612812,65538,88
53166014,20090401,52
53166014,26349146,51
53166014,27583305,55
53166014,27955244,53
53166014,28188427,91
53166014,28593384,51
53166014,28836088,51
53166014,29095409,81
53166014,29450766,55
53166014,29599246,100
53166014,32166628,52
53166014,33378153,61
53166014,35345622,98
53166014,402070862,55
53166014,454224142,64
53166014,498096,56
53166014,514206665,53
533161443,108224,51
533161443,1294899063,54
533161443,1294910785,64
533161443,1296583188,100
533161443,1302351836,52
533161443,1308818966,59
533161443,1308818967,76
533161443,208902,56
533161443,26524701,77
533161443,28285910,52
533161443,287035,54
533161443,29004400,60
533161443,38592976,78
533161443,406475394,67
533161443,426291544,76
533161443,440208476,71
533161443,441491828,52
533161443,460578140,63
533161443,479598964,69
533161443,496370620,55
533161443,513360721,67
533161443,515269424,60
533161443,526464145,90
533161443,536622304,55
533161443,542690276,63
533161443,546279760,60
533161443,562594267,66
533161443,562594322,60
533161443,562598081,52
533161443,566442496,63
533161443,571338279,51
533161443,571340283,69
53479326,110762,61
53479326,147030,100
53479326,185922,62
53479326,185924,91
53479326,186453,55
53479326,188880,62
53479326,188989,53
53479326,212233,60
53479326,27646196,68
53479326,27713920,80
53479326,28798439,55
53479326,28815250,53
53479326,28823239,65
53479326,29019227,53
53479326,29535352,55
53479326,299683,55
53479326,300136,59
53479326,31356488,54
53479326,33471531,65
53479326,3986017,91
53479326,4989685,51
53479326,4990422,56
53479326,5260494,61
54173248,168153,82
54173248,26447698,55
54173248,28941713,70
54173248,28949013,100
54173248,553543182,62
552139943,401249910,100
555681410,28381367,56
555681410,31861287,53
555681410,34509412,53
555681410,35448725,56
555681410,424057262,81
555681410,427595458,100
555681410,428375694,53
555681410,432506809,59
555681410,438801642,90
555681410,465673464,87
555681410,467953855,53
555681410,471566516,62
555681410,487003745,65
555681410,494865824,65
555681410,511416950,71
559698504,1220792,53
559698504,16593585,64
559698504,19178840,53
559698504,2589619,53
559698504,26214328,75
559698504,28568281,53
559698504,28798452,89
559698504,3163120,53
559698504,32019061,60
559698504,32432085,60
559698504,33085220,71
559698504,33937195,57
559698504,33937218,75
559698504,34144930,71
559698504,34144943,67
559698504,409020985,57
559698504,409326722,100
559698504,410628463,75
559698504,422977383,53
559698504,435278010,67
559698504,4453358,57
559698504,450236237,53
559698504,466794339,67
559698504,486194200,57
559698504,502925437,57
559698504,518088074,53
559698504,518094136,64
559698504,518094138,57
559698504,5371828,71
559698504,557581064,57
56048307,401723020,100
574456676,31445772,57
574456676,440208476,69
574456676,452986458,53
574456676,461080452,69
574456676,461347998,73
574456676,478303470,65
574456676,492145159,53
574456676,513360721,73
574456676,517543021,53
574456676,534542079,61
574456676,536502758,65
574456676,557581284,53
574456676,562594267,53
574456676,569214126,100
574456676,574566207,80
57729162,27795934,68
57729162,29533718,100
57729162,407862279,69
57729162,440353010,53
58424926,17800821,57
58424926,25694415,52
58424926,26825177,81
58424926,28571705,100
58424926,2919622,54
58424926,32922450,71
58424926,33024046,63
58424926,33024047,74
58424926,35090760,69
58424926,357126,73
58424926,37955044,86
58424926,401250430,61
58424926,415792222,81
58424926,416552262,52
58424926,425136526,53
58424926,436487129,52
58424926,445666472,55
58424926,449452076,58
58424926,489997578,53
58424926,501133800,68
585214083,16431842,93
585214083,2117962,80
585214083,26145391,62
585214083,409650847,51
585214083,453176145,100
59656334,1323757509,66
59656334,16435051,65
59656334,16835220,70
59656334,23526212,58
59656334,28282072,59
59656334,28692519,55
59656334,29966565,54
59656334,32019002,63
59656334,35437414,54
59656334,35847388,100
59656334,37239018,69
59656334,37240629,56
59656334,3950552,88
59656334,417953665,62
59656334,417953669,55
59656334,559862267,57
599834783,18861490,55
599834783,27598102,58
599834783,328153,53
599834783,410042104,51
599834783,4173190,53
599834783,435288399,88
599834783,474567580,69
599834783,4965595,69
599834783,512359558,55
599834783,5271400,86
600576048,132975,80
600576048,34229976,61
600576048,446247232,64
600576048,448393515,80
600576048,489302317,100
600576048,489506275,74
600576048,515143305,51
600576048,517565282,83
600576048,82486,54
607886754,115162,58
607886754,191299,83
607886754,25640380,61
607886754,25657445,79
607886754,25718007,88
607886754,25906124,76
607886754,27646205,81
607886754,276995,91
607886754,27867140,54
607886754,28219176,78
607886754,28481103,60
607886754,28892111,94
607886754,29436904,84
607886754,31445772,98
607886754,32192436,89
607886754,409654891,99
607886754,424264505,88
607886754,496370620,100
607886754,516076896,92
607886754,518686034,76
607886754,553310243,76
607886754,555824954,78
607886754,65198,55
61689896,108157,67
61689896,149297,53
61689896,16426514,69
61689896,25706282,59
61689896,26090100,55
61689896,26109186,51
61689896,27646205,89
61689896,27808044,61
61689896,28285910,81
61689896,28569056,51
61689896,28798439,55
61689896,29019227,53
61689896,29418039,61
61689896,298258,57
61689896,31473269,100
61689896,38592976,65
61689896,403710395,53
61689896,419254938,59
61689896,420125810,55
61689896,435552313,51
61689896,436514312,53
61689896,440353010,53
61689896,5242590,91
61689896,5245688,51
61689896,573583328,51
617049085,422428104,100
619233088,1301909440,54
619233088,16435049,75
619233088,441491828,95
619233088,514235010,100
619233088,516358164,63
619233088,516776413,61
619233088,516818336,56
619233088,516818337,54
619233088,521612317,60
62201931,441612583,100
629430468,37955044,83
629430468,437752217,67
629430468,452986458,65
629430468,468741826,80
629430468,476053197,58
629430468,486111543,100
6594177,1206879,59
6594177,28586064,83
6594177,423118180,100
6594177,462612953,56
6594177,488619536,75
66558009,133998,51
66558009,26201820,100
66558009,26758497,71
66558009,27759600,57
66558009,27808044,67
66558009,27955653,53
66558009,28053533,51
66558009,28285910,55
66558009,28288505,71
66558009,29019227,55
66558009,29431066,96
66558009,29947420,82
66558009,30953009,57
66558009,32192436,75
66558009,32507038,100
66558009,33162226,57
66558009,36990266,71
66558009,41665696,73
66558009,4386589,61
66558009,513791211,71
6936207,108931,71
6936207,176043,64
6936207,176045,52
6936207,176056,61
6936207,18317677,76
6936207,185697,52
6936207,185904,59
6936207,185912,57
6936207,185920,52
6936207,186001,54
6936207,186016,73
6936207,186055,52
6936207,191232,100
6936207,20506671,69
6936207,20953761,85
6936207,21256075,54
6936207,21971060,57
6936207,22497473,54
6936207,22605222,52
6936207,2416737,61
6936207,25542198,69
6936207,25657233,69
6936207,25727803,100
6936207,26643898,52
6936207,27556211,69
6936207,28306668,61
6936207,28605055,54
6936207,28661564,80
6936207,28680438,59
6936207,28768109,73
6936207,29019227,76
6936207,29480187,64
6936207,29722263,64
6936207,29724295,71
6936207,29966565,52
6936207,308299,52
6936207,30854130,59
6936207,30903821,57
6936207,32337668,59
6936207,32507839,88
6936207,326705,52
6936207,326708,54
6936207,326719,54
6936207,386844,52
6936207,3951074,57
6936207,401249910,66
6936207,4049791,92
6936207,4173060,64
6936207,430208761,61
6936207,4341314,66
6936207,440411394,61
6936207,4940920,97
6936207,5052317,83
6936207,5224505,52
6936207,65766,57
69792172,17572558,66
69792172,21606437,57
69792172,22563394,51
69792172,22605222,66
69792172,26145413,51
69792172,26494698,54
69792172,27588021,60
69792172,28660009,87
69792172,29122179,54
69792172,29431066,87
69792172,29535531,72
69792172,29786281,51
69792172,300055,63
69792172,30431364,69
69792172,30431376,90
69792172,30569182,51
69792172,31654492,66
69792172,32272267,63
69792172,409031076,51
69792172,411314656,100
69792172,417911175,60
69792172,466122601,60
69792172,472361096,51
69792172,5042210,54
69792172,5262797,54
69792172,65198,63
7182917,1060914,91
7182917,17572553,71
7182917,1771092,55
7182917,17822850,52
7182917,18094919,75
7182917,18309774,51
7182917,21223720,57
7182917,22004105,89
7182917,2417029,67
7182917,25706282,96
7182917,27242059,52
7182917,27471609,52
7182917,28411569,64
7182917,28815250,100
7182917,28837115,58
7182917,29808258,84
7182917,30953009,64
7182917,37239018,54
7182917,5276791,66
73700472,16858400,62
73700472,17199609,91
73700472,22705507,61
73700472,25803313,55
73700472,26116370,69
73700472,28253156,51
73700472,28864687,51
73700472,30394891,58
73700472,30431376,62
73700472,31010794,73
73700472,35847388,56
73700472,36229105,56
73700472,409060097,53
73700472,420125810,62
73700472,422463501,61
73700472,434981388,54
73700472,437859519,100
73700472,444269169,55
73700472,461544911,57
73700472,472137749,77
76536833,1316563427,67
76536833,28391038,77
76536833,28727903,53
76536833,28819964,98
76536833,29482234,100
76536833,31517462,55
76536833,33365175,54
76536833,39324743,51
76536833,404784667,51
76536833,425298706,77
76536833,427614522,61
76536833,450041375,53
76536833,454069664,53
76536833,473873431,98
76536833,528284,66
78133718,1327456179,56
78133718,16343629,65
78133718,17177324,79
78133718,17996972,59
78133718,18161816,77
78133718,191528,92
78133718,191560,59
78133718,1944551,55
78133718,22737525,72
78133718,22737627,58
78133718,22742077,81
78133718,27759600,57
78133718,27896574,55
78133718,28566204,74
78133718,29719174,55
78133718,29771164,55
78133718,298258,69
78133718,30245576,100
78133718,31514961,62
78133718,33579194,60
78133718,34072434,69
78133718,36492614,83
78133718,36496574,69
78133718,36496576,70
78133718,366024,68
78133718,37156098,56
78133718,37239018,82
78133718,411214279,66
78133718,417833540,53
78133718,428095913,62
78133718,496549,55
78133718,501220618,70
78133718,624879,57
78133718,640545,65
78133718,95578,86
79336645,1293036,63
79336645,16472489,63
79336645,26528968,60
79336645,28164935,69
79336645,29027341,60
79336645,3161527,100
79336645,32785010,69
79336645,416700932,63
79336645,425684164,54
79336645,440207199,96
79336645,490381113,54
79505937,2080139,62
79505937,22821686,80
79505937,27097499,54
79505937,27491485,81
79505937,27853410,100
79505937,2870203,98
79505937,29012016,54
79505937,29012021,52
79505937,29561077,54
79505937,30841076,90
79505937,31191384,54
79505937,32098076,69
79505937,32405874,58
79505937,4224657,63
79505937,5159522,89
79505937,804500,55
