104218243,188432,55
104218243,26313496,52
104218243,31997684,62
104218243,32196939,53
104218243,32507038,53
104218243,399366438,100
104218243,483671599,63
104218243,542058452,53
104218243,543612350,79
104218243,72394,77
107218553,101833,100
107218553,411314822,53
107218553,411315797,55
107218553,424477572,62
107218553,434550484,68
107218553,437856611,52
107218553,475207742,51
107218553,557579695,64
107712531,296837,81
107712531,464373796,65
107712531,526093051,76
107712531,526464293,100
109109479,26658058,81
109109479,27896611,60
109109479,31081144,53
109109479,37240487,66
109109479,401382283,61
109109479,406907311,52
109109479,412187092,51
109109479,412902906,67
109109479,420513181,52
109109479,422104424,53
109109479,425008366,73
109109479,426850657,92
109109479,427614368,56
109109479,451703096,78
109109479,465920905,64
109109479,467011251,66
109109479,477458046,90
109109479,480579393,98
109109479,481535067,52
109109479,483671599,63
109109479,484058963,51
109109479,495220824,100
109109479,512489535,52
109536301,2080640,53
109536301,28242983,68
109536301,37239512,100
109536301,461301098,53
110116288,28193275,54
110116288,28256109,53
110116288,407002389,53
110116288,409647817,68
110116288,425008366,52
110116288,428350734,89
110116288,431610486,67
110116288,447925109,85
110116288,472361096,53
110116288,510953443,100
110116288,519349823,52
110116288,528335230,99
110116288,530007791,73
110116288,532777048,59
110674980,28959196,57
110674980,29743070,100
110674980,29743076,57
110674980,33111609,72
110674980,33111612,81
110674980,34578072,51
110674980,34999467,59
110674980,407007722,75
110674980,409325023,62
110674980,411315794,54
110674980,427595408,54
110674980,431855659,57
110674980,431855661,51
110674980,431855662,63
110674980,450222567,55
110674980,451521772,51
110674980,451572025,53
110674980,451572028,55
110674980,458697070,67
110674980,484249877,53
110674980,499222208,53
110674980,499222209,94
110674980,499222210,53
110674980,5380983,72
110674980,545350355,81
111255151,1313558725,91
111255151,410801515,52
111255151,436346416,100
111255151,442605269,54
112822906,22673509,84
112822906,26545359,63
112822906,26545368,51
112822906,29375434,100
112822906,31421363,73
112822906,31654637,83
112822906,32922451,53
112822906,33004413,62
112822906,33111595,66
112822906,36308877,57
112822906,368183,75
112822906,368234,53
113231010,187341,52
113231010,35345047,58
113231010,37240486,69
113231010,439122254,58
113231010,439122255,58
113231010,459139374,67
113231010,557579695,67
113231010,557583742,60
113231010,557584723,100
113255452,28923016,86
113255452,28923018,67
113255452,34084649,64
113255452,399953113,56
113255452,447925109,53
113255452,469410949,100
115656027,31967424,51
115656027,33024046,66
115656027,35270161,61
115656027,424264961,61
115656027,426026641,56
115656027,426852776,57
115656027,427595457,65
115656027,427595459,60
115656027,427614368,79
115656027,433681235,78
115656027,453268604,57
115656027,461301534,55
115656027,462688682,61
115656027,463160129,51
115656027,463842867,62
115656027,465920482,55
115656027,467166663,55
115656027,467953855,67
115656027,469699396,57
115656027,471566516,55
115656027,480426313,100
11598307,412175171,92
11598307,412187146,100
11598307,450222676,53
116729659,1309814819,63
116729659,28695736,54
116729659,28695739,52
116729659,34999463,58
116729659,36924666,66
116729659,407007720,59
116729659,409647185,62
116729659,431853645,77
116729659,464674441,77
116729659,493752312,66
116729659,511975121,71
116729659,544151642,100
117874786,417859223,60
117874786,424474635,88
117874786,424477572,81
117874786,437856611,100
117874786,437856612,51
119167513,28111224,69
119167513,423228325,62
119167513,436699534,81
119167513,437856611,100
119167513,480579262,52
119167513,500410198,75
122290726,509311681,100
12855603,22842414,52
12855603,26093432,65
12855603,26144273,87
12855603,28593407,61
12855603,30903860,51
12855603,32013002,58
12855603,33190012,62
12855603,34084648,54
12855603,36664120,87
12855603,401386246,100
12855603,538728614,52
12855603,5406432,55
129944745,16854334,64
129944745,375295,54
129944745,424477572,55
129944745,431853645,71
129944745,431853650,61
129944745,431855660,51
129944745,431855664,55
129944745,431855666,55
129944745,437856611,57
129944745,438462990,57
129944745,454224716,64
129944745,464674441,85
129944745,472361621,68
129944745,481859334,56
129944745,481859335,100
129944745,481859336,71
129944745,484732224,60
131735523,28793518,51
131735523,407002788,51
131735523,407007720,90
131735523,409647185,100
131735523,425100929,54
131735523,431853650,54
131735523,431855662,53
131735523,464192305,52
131735523,464647477,58
131735523,464674441,64
131735523,473873431,76
131735523,493735317,62
131735523,520458756,70
131735523,525267817,65
131735523,549941158,64
1321724396,1294556812,100
1321724396,21253806,53
1321724396,447279875,57
1321724396,543987399,98
1321724396,550138132,69
1345858802,1303026551,55
1345858802,1303026554,95
1345858802,1309814395,58
1345858802,425828602,98
1345858802,458507202,58
1345858802,529823971,52
1345858802,548648087,100
1345858802,863046037,55
134780961,403012266,67
134780961,418602613,65
134780961,421563031,100
134780961,484058963,59
134896596,434550486,100
134917441,1320185104,60
134917441,1326110573,100
134917441,22716336,55
134917441,405372208,93
134917441,557579695,68
1351434911,1297744010,57
1351434911,34532022,57
1351434911,429210072,68
1351434911,455311480,100
1351434911,488447427,81
1351434911,489037240,70
1351434911,500374936,98
1351434911,519250358,71
1351434911,519250359,83
1351434911,533455456,64
136064070,1003876,60
136064070,17787253,63
136064070,26125660,56
136064070,26428004,59
136064070,27747175,67
136064070,27836910,59
136064070,28341937,57
136064070,28679467,52
136064070,28699005,87
136064070,29848057,63
136064070,308299,61
136064070,32507038,61
136064070,32922450,53
136064070,35345538,100
136064070,38392808,56
136064070,400875513,54
136064070,401723206,54
136064070,406347599,54
136064070,412951708,52
136064070,416552264,56
136064070,416552265,53
136064070,425280805,53
136064070,432509877,52
136064070,444267925,67
136064070,5350321,52
136064070,5414581,66
1361409275,1303028510,60
1361409275,420400392,56
1361409275,529823971,96
1361409275,557579695,100
1361409275,557579696,54
1361409275,557581712,67
1361409275,557581713,62
1361409275,557581714,79
1361409275,557581715,54
1361409275,557583742,84
1361409275,557583743,83
1361409275,557583744,64
1361409275,557584723,100
1361409275,557584724,62
1361409275,863046037,60
136382199,22833991,83
136382199,22846263,59
136382199,27588372,52
136382199,28013005,57
136382199,28679467,69
136382199,28814336,100
136382199,29600637,72
136382199,29750100,55
136382199,32063678,81
136382199,32857121,66
136382199,34072520,59
136382199,35288249,60
136382199,35288251,72
136382199,37202173,53
136382199,40249171,61
136382199,405599687,60
136382199,411314862,67
136382199,420125183,67
136382199,427595456,61
136382199,436699534,68
136382199,437856611,85
136382199,438462713,55
136382199,448143354,74
136382199,486218073,61
136382199,520277152,96
136382199,550828,51
1410154263,1295824865,100
1410154263,480209575,87
1454230889,1303027537,51
1454230889,434550486,53
1454230889,459139374,56
1454230889,557579695,66
1454230889,557579696,56
1454230889,557581712,64
1454230889,557581713,67
1454230889,557581714,67
1454230889,557581715,97
1454230889,557583742,70
1454230889,557583743,74
1454230889,557583744,52
1454230889,557584723,88
1454230889,557584724,100
1461387310,33024046,71
1461387310,447057932,51
1461387310,469104036,98
1461387310,474574257,100
1510136394,1318880054,61
1510136394,26428009,84
1510136394,28497213,51
1510136394,28497214,89
1510136394,31209332,55
1510136394,32408433,94
1510136394,36496696,77
1510136394,416531317,99
1510136394,416552260,86
1510136394,416552262,55
1510136394,425280805,100
1510136394,430208595,62
1510136394,437802720,71
1510136394,491484150,67
1510136394,515143131,67
1510136394,515143139,59
1510136394,515143152,61
1510136394,526464244,63
1510136394,526472192,98
1510136394,551339350,67
15367311,20515596,58
15367311,28211198,61
15367311,28695736,61
15367311,28695739,60
15367311,29743075,60
15367311,33111608,54
15367311,34999463,69
15367311,36924666,55
15367311,407007720,100
15367311,424474635,65
15367311,424477572,87
15367311,431853645,81
15367311,431853650,55
15367311,431855660,66
15367311,431855661,52
15367311,437856611,85
15367311,464674441,68
24690281,25922370,53
24690281,29746678,100
247401281,26220909,51
247401281,26545346,75
247401281,28590208,75
247401281,31234223,97
247401281,32835004,70
247401281,34383211,51
247401281,34722449,92
247401281,37095051,58
247401281,400690311,92
247401281,401382020,70
247401281,404184148,73
247401281,4128805,78
252240728,419594400,58
252240728,419596435,57
252240728,479938130,100
252240728,535793039,75
253022852,26305371,72
253022852,26313496,51
253022852,28310529,54
253022852,28959188,57
253022852,30903033,76
253022852,31654637,100
253022852,434550484,61
253523478,407007722,52
253523478,431855660,54
253523478,431855665,52
253523478,464674442,100
253523478,511975125,92
253523478,521416228,73
253523478,544151646,61
253523478,553813030,70
255503690,152388,70
255503690,34179236,54
255503690,526470171,100
255503690,5306042,78
258412664,19542337,63
258412664,33991953,54
258412664,410801515,100
258412664,411314822,81
258412664,411315797,69
258412664,420513186,89
258412664,426026161,58
258412664,429210072,62
258412664,434550484,69
258412664,436699534,58
258412664,437856611,52
258412664,482796096,61
259317919,1300885831,100
259317919,557579695,96
264020708,1323981832,60
264020708,530057183,100
264020708,530057186,65
264020708,530057187,65
264020708,536622250,73
266023332,1303026554,74
266023332,33024046,91
266023332,35270161,86
266023332,37240485,53
266023332,425684691,87
266023332,425828604,100
266023332,427595456,91
266023332,434550484,59
266023332,437856611,73
266023332,474791932,53
266023332,506092588,53
266023332,509313700,57
266023332,557579695,82
266023332,557583742,92
271609252,22677883,100
271609252,25706433,57
271609252,399342983,93
271913260,1303026554,100
272024211,1303026551,53
272024211,1303026554,79
272024211,411315791,70
272024211,447925109,58
272024211,506094568,63
272024211,557579695,51
272024211,557579696,51
272024211,557581712,63
272024211,557581714,53
272024211,557583743,68
272024211,557584723,54
272024211,557584724,100
278262518,22704409,77
278262518,22704426,81
278262518,22704445,65
278262518,27808770,100
278262518,33682510,88
278262518,439911118,79
278262518,439915067,71
278262518,484058959,75
281421620,1297605386,57
281421620,34614970,100
281421620,35090567,52
281421620,431534660,52
281421620,503207548,57
283123182,33682510,70
283123182,35437299,100
28414090,22831924,65
28414090,29436374,56
28414090,30284644,52
28414090,30621013,55
28414090,31654637,81
28414090,31967094,52
28414090,32408059,100
28414090,32619994,70
28414090,32835957,65
28414090,35345048,58
28414090,400876567,60
28414090,5349105,66
287256273,28282707,59
287256273,400876567,97
287256273,426026161,100
287256273,431855239,95
287256273,485960255,99
287256273,502238187,86
287256273,509311681,53
287256273,515647526,84
287256273,527634413,55
291845444,1309814819,51
291845444,1309814823,100
291845444,1309814827,70
291909041,1321382596,59
291909041,1936601,53
291909041,27906420,55
291909041,27927965,52
291909041,28959188,72
291909041,29750391,65
291909041,29829834,57
291909041,405987118,73
291909041,411315791,66
291909041,411315796,52
291909041,434550484,55
291909041,434550488,55
291909041,444548488,58
291909041,448722019,100
297488107,407007748,100
313891637,22833338,76
313891637,22833339,79
313891637,22833340,74
313891637,22833341,75
313891637,22840623,98
313891637,22843720,97
313891637,25721088,74
313891637,26127861,82
313891637,26176020,84
313891637,26176022,74
313891637,26176050,98
313891637,26528646,84
313891637,26528647,76
313891637,26528648,72
313891637,26528649,81
313891637,26528650,72
313891637,26902242,84
313891637,27876920,72
313891637,28254799,94
313891637,28481075,88
313891637,28695739,96
313891637,29027532,77
313891637,29743071,88
313891637,29743075,84
313891637,29743076,79
313891637,29744540,88
313891637,29783144,92
313891637,29789495,76
313891637,30780173,88
313891637,32174038,86
313891637,33111609,86
313891637,34532032,80
313891637,34999463,86
313891637,35331388,90
313891637,35617240,94
313891637,36921727,94
313891637,36924665,88
313891637,36924666,94
313891637,37239515,88
313891637,37239516,90
313891637,37239517,90
313891637,37240491,90
313891637,37240492,93
313891637,399411773,94
313891637,407002788,88
313891637,407007722,92
313891637,408532031,100
313891637,410801524,88
313891637,410801526,88
313891637,410802499,93
313891637,413812946,78
313891637,413834860,86
313891637,417833183,90
313891637,417833658,89
313891637,417859049,90
313891637,417859050,90
313891637,421423733,88
313891637,423406588,88
313891637,424474655,74
313891637,427595456,90
313891637,427595458,92
313891637,427595459,90
313891637,427595460,89
313891637,427595461,91
313891637,427595462,88
313891637,427595463,87
313891637,427614368,91
313891637,427614370,91
313891637,431853650,87
313891637,431855661,88
313891637,431855665,86
313891637,443876173,78
313891637,445144892,90
313891637,445153836,87
313891637,448143354,90
313891637,451372056,76
313891637,462686846,91
313891637,464647476,86
313891637,464674442,94
313891637,472141090,91
313891637,478736173,91
313891637,479938889,88
313891637,480768592,86
313891637,480768593,84
313891637,480768594,84
313891637,480768595,81
313891637,480769580,78
313891637,480769581,82
313891637,493752312,92
313891637,497576547,96
313891637,509311681,85
313891637,509311682,88
313891637,509311687,88
313891637,509313687,85
313891637,509313700,88
313891637,511975119,84
313891637,511975121,84
313891637,511975123,81
313891637,5394678,96
313891637,5416580,93
315627405,442867409,80
315627405,473742112,100
315792123,1611000,79
315792123,22829906,59
315792123,26332214,58
315792123,26425099,68
315792123,27902202,62
315792123,27969985,51
315792123,28126835,90
315792123,31273751,58
315792123,3163120,65
315792123,32272083,62
315792123,32785614,58
315792123,34834018,88
315792123,35847042,72
315792123,400690311,61
315792123,401250068,84
315792123,401382308,67
315792123,408532272,56
315792123,410801524,67
315792123,410802499,79
315792123,410802500,83
315792123,411314823,56
315792123,412187012,59
315792123,414586150,56
315792123,427542355,66
315792123,427595456,77
315792123,427595458,60
315792123,427595460,83
315792123,427595461,77
315792123,427614368,75
315792123,427614370,82
315792123,427614522,96
315792123,444267925,62
315792123,449578415,58
315792123,449578668,55
315792123,458697927,96
315792123,467590816,57
315792123,472045510,75
315792123,474932573,64
315792123,478736173,60
315792123,484058390,100
315792123,484730169,51
315792123,491484144,60
315792123,491484151,69
315792123,496870584,60
315792123,509311681,70
315792123,509311682,68
315792123,509311687,62
315792123,509313687,63
315792123,509313700,57
315792123,528272395,53
315792123,5346726,62
316355615,22842155,66
316355615,469104847,62
316355615,5353239,100
326529494,31877995,100
326529494,32196649,51
335749357,37240486,58
335749357,411314823,67
335749357,411315797,63
335749357,434550484,57
335749357,444267925,76
335749357,459139374,61
335749357,459139375,52
335749357,532548942,100
336251575,22829906,72
336251575,27810681,54
336251575,28240315,63
336251575,29567603,63
336251575,30987373,100
336251575,32897899,54
336251575,36924666,100
336251575,404184562,54
336251575,405377517,54
336251575,413812946,72
336251575,425136345,54
336251575,425137361,72
336251575,427595458,72
336251575,451126287,72
336251575,462688682,63
336251575,516321217,54
340347505,26383879,71
340347505,37239002,82
340347505,409941448,72
340347505,433103696,51
340347505,466794567,100
35107525,1302090508,58
35107525,27808141,77
35107525,31370498,75
35107525,33035718,60
35107525,34014847,53
35107525,34014850,53
35107525,35090760,95
35107525,35090761,61
35107525,35090762,68
35107525,35090763,59
35107525,35090764,72
35107525,37856989,53
35107525,37856990,55
35107525,37856991,52
35107525,37856992,55
35107525,37955036,64
35107525,402073488,100
35107525,412175910,68
35107525,417953665,64
35107525,417953666,76
35107525,440208884,51
35107525,518066666,71
360937083,541480247,100
370385613,482999771,96
370385613,493041758,60
370385613,5406454,92
370385613,545589408,60
370385613,573583412,100
370385613,862098624,57
37133107,28884460,100
37133107,28923009,52
37133107,29600330,59
37133107,402073041,51
37133107,407007644,71
37133107,410801515,59
37133107,437856611,97
382090470,2867997,66
382090470,29009655,76
382090470,29932696,82
382090470,33419678,96
382090470,34497204,56
382090470,36308916,74
382090470,3978685,52
382090470,417250207,54
382090470,457761477,54
382090470,515382930,100
382090470,532711140,84
382090470,536072971,94
382090470,552575458,74
382090470,863489166,88
382090470,991310,52
393395348,1475977,59
393395348,205511,54
393395348,22774721,53
393395348,451126322,76
393395348,460514685,81
393395348,463262638,54
393395348,464377153,59
393395348,466794567,71
393395348,468878117,53
393395348,473740747,62
393395348,474943062,67
393395348,482809017,83
393395348,482999771,58
393395348,488256319,55
393395348,491943089,57
393395348,552084595,84
393395348,573583412,100
39901065,402070941,51
39901065,411314823,59
39901065,411315791,100
39901065,411315797,56
39901065,434550484,71
39901065,506092585,58
39901065,557583742,87
406668427,32102396,71
406668427,424498127,83
406668427,473873431,51
406668427,487375666,76
406668427,504624714,51
406668427,509313700,81
406668427,514761243,100
406668427,517035055,52
406668427,546715435,64
430530521,1293951677,93
430530521,26103317,56
430530521,26305925,71
430530521,29572493,70
430530521,29818821,51
430530521,32897899,100
430530521,34057200,73
430530521,401250137,62
430530521,420401511,52
430530521,426291337,76
430530521,427595456,66
430530521,427595458,79
430530521,427595460,63
430530521,427595461,63
430530521,427614370,57
430530521,445153959,73
430530521,462688682,65
430530521,468517166,69
430530521,475277374,89
430530521,488641796,52
430530521,516358518,57
430530521,5354799,55
430530521,5358151,62
430530521,548648087,78
430530521,554245069,92
434437719,30431376,65
434437719,308353,58
434437719,34916128,56
434437719,35448725,54
434437719,412902075,100
434437719,437250607,60
434437719,512099267,62
44478112,34723521,58
44478112,35090760,54
44478112,36841018,61
44478112,400875513,56
44478112,400876567,60
44478112,401382277,63
44478112,404182520,60
44478112,404182814,56
44478112,406907303,65
44478112,408532031,76
44478112,409325030,58
44478112,409931558,52
44478112,410801503,69
44478112,410801515,100
44478112,412175344,63
44478112,414979118,58
44478112,420513186,56
44478112,427595456,54
44478112,472361096,65
454016560,437856612,100
454016560,473571148,61
454016560,533455629,81
454016560,533455630,54
454016560,543987400,57
454016560,548556881,57
466583421,1307376239,61
466583421,1320185104,100
466583421,411314823,77
466583421,434550484,93
466583421,488719168,60
466583421,491695412,52
466583421,500686033,55
466583421,506094567,83
466583421,516321217,72
468289285,1294556650,78
468289285,1307376239,52
468289285,30431376,70
468289285,494865824,100
476860632,1294899029,66
476860632,411314827,72
476860632,421160568,85
476860632,434550489,54
476860632,434659339,70
476860632,506094567,100
476860632,522510615,73
476860632,557581714,57
508815518,22768468,51
508815518,22835423,56
508815518,26115830,79
508815518,26313496,86
508815518,27501949,83
508815518,27804544,56
508815518,28465373,57
508815518,28613388,59
508815518,29375439,76
508815518,29743070,65
508815518,29743075,55
508815518,30903033,80
508815518,31917389,57
508815518,32619003,87
508815518,35779017,75
508815518,35847129,79
508815518,399366132,60
508815518,399411607,68
508815518,422104546,69
508815518,428116788,70
508815518,429769494,100
508815518,429769495,68
508815518,430043315,52
508815518,430043319,68
508815518,463842344,68
508815518,467805788,51
508815518,489506275,73
508815518,493285532,78
508815518,504685167,54
508815518,5321027,60
51030291,26145359,63
51030291,31370498,87
51030291,32752206,69
51030291,437856611,54
51030291,485960255,100
51030291,5376545,57
51030291,563563347,62
535510152,1316563427,59
535510152,35847043,78
535510152,448316045,100
535510152,473873430,75
535510152,473873431,77
535510152,473873434,77
535510152,473873435,53
535510152,509311682,60
535510152,818847,84
55600153,26165930,54
55600153,27785218,53
55600153,28254795,76
55600153,30569115,71
55600153,30854743,100
55600153,31370498,59
55600153,37092095,58
55600153,402070045,55
55600153,402073488,52
55600153,406086017,71
55600153,410801515,70
55600153,414979799,68
55600153,423406117,70
55600153,436699534,51
55600153,437856611,55
55600153,5376545,54
55660353,28959198,100
55660353,31654637,87
55660353,31654638,52
55660353,400689180,80
55660353,434550484,62
55660353,448492028,62
604690008,28111067,65
604690008,416700932,90
604690008,445198021,85
604690008,483671599,100
604690008,501133611,85
61115223,1303026554,53
61115223,411315799,67
61115223,541511560,100
61411456,28870222,62
61411456,34532022,100
61411456,404783525,62
61411456,405377643,78
61411456,429210076,65
61411456,445844591,93
61411456,455311480,72
6306535,255204,69
6306535,26211163,71
6306535,26598520,65
6306535,29753373,100
6306535,30070908,56
6306535,33035724,51
6306535,33378269,52
6306535,33991953,52
6306535,34084969,62
6306535,400876567,70
6306535,414586150,52
6306535,420125810,55
6306535,4873339,53
633291685,32977306,100
6473471,185922,59
6473471,186003,72
6473471,186046,59
6473471,22843344,68
6473471,242603,69
6473471,26079021,100
6473471,26305371,51
6473471,26438649,55
6473471,28254432,55
6473471,28406559,58
6473471,28465373,55
6473471,28481818,57
6473471,28686798,82
6473471,28738294,62
6473471,31010241,53
6473471,32548718,56
6473471,32619064,53
6473471,33035761,52
6473471,399342986,57
6473471,401250207,90
6473471,414003004,60
6473471,422094731,59
6473471,425828595,54
6473471,431096237,69
6473471,520274085,56
6473471,531051217,76
6473471,574919767,77
65020986,27896264,57
65020986,409325030,100
65020986,451703096,63
65020986,469699065,52
65020986,473964620,60
65020986,479223413,86
65020986,481859335,86
69650616,22835542,86
69650616,27511866,68
69650616,28196629,82
69650616,28686798,89
69650616,29343992,51
69650616,35270120,96
69650616,35617556,58
69650616,35956186,55
69650616,399353833,62
69650616,407007763,68
69650616,411907166,89
69650616,411907242,93
69650616,411921196,100
69650616,450224424,62
73522189,571074019,100
77701299,150524,54
77701299,28923016,94
77701299,34828971,70
77701299,399953113,60
77701299,402070262,57
77701299,402070263,67
77701299,402073249,79
77701299,402073250,51
77701299,456175373,100
82160084,28884460,100
82160084,29019227,60
82160084,2919622,90
82160084,439121995,70
82160084,468513829,88
82160084,474567580,59
83588381,28590329,51
83588381,28692521,59
83588381,34999463,100
83588381,35617556,72
83588381,36492861,57
83588381,407007720,57
83588381,410801515,94
83588381,436699534,62
87650549,1303027537,59
87650549,1303027538,69
87650549,28242987,98
87650549,28258466,100
87650549,28959197,66
87650549,31066273,70
87650549,31066280,58
87650549,31654637,81
87650549,31654640,52
87650549,31654641,56
87650549,37239513,73
87650549,37240485,55
87650549,37240486,91
87650549,37240487,53
87650549,37240490,62
87650549,37955044,65
87650549,411314823,53
87650549,411315797,51
87650549,425828602,82
87650549,427595456,65
87650549,428642919,91
87650549,436699534,54
87650549,437856611,64
87650549,451113348,59
87650549,454698378,64
87650549,515269424,60
87650549,515647527,76
87650549,527684994,66
87650549,529823971,52
87650549,557579695,70
87650549,557579696,52
87650549,557581713,78
87650549,557581714,81
87650549,557583742,85
87650549,557583744,58
87650549,557584724,55
88340322,401249910,88
88340322,434550486,55
88340322,434550489,75
88340322,434659331,100
88340322,434659334,52
88340322,434659336,51
88340322,488267593,56
90977315,26125974,80
90977315,27534290,59
90977315,35270161,58
90977315,405597568,100
90977315,407679465,52
90977315,434550485,57
90977315,434550489,68
90977315,434659335,86
90977315,434659336,93
90977315,434659337,69
90977315,434659339,65
90977315,437250607,58
90977315,452986458,54
90977315,485960255,51
90977315,536622304,54
93169596,34532022,100
93169596,429210072,80
93169596,460514685,63
94667785,22846257,53
94667785,26147099,52
94667785,26312245,51
94667785,34248226,100
94667785,36924605,57
94667785,399405282,56
94667785,407679465,94
94667785,421203086,52
94667785,526464757,61
95856732,454224716,75
95856732,509313700,78
95856732,516321217,100
99821068,34614989,55
99821068,34852369,73
99821068,427595458,52
99821068,427595459,53
99821068,437856611,100
99821068,485960255,57
