100013080,31877395,100
100017330,26902931,55
100017330,276847,54
100017330,287019,57
100017330,5257456,100
100017330,531051217,63
100017330,862129612,53
100043658,139774,100
100043658,27890306,55
100043658,28068286,51
100043658,30569561,51
100043658,306845,60
100043658,306927,54
100043658,316654,54
100043658,32507038,76
100043658,33071053,52
100043658,402073804,78
100043658,405597568,53
100043658,413812448,59
100043658,415792881,61
100043658,417859631,55
100043658,434550534,57
100043658,440208476,60
100043658,471385043,52
100051848,25867002,57
100051848,26508186,100
10022561,20244741,92
10022561,25888658,100
10022561,26116000,56
10022561,27890306,57
10022561,27955653,59
10022561,28152391,65
10022561,28283079,51
10022561,28563164,67
10022561,28803640,56
10022561,30352891,72
10022561,32192436,75
10022561,32507038,79
10022561,33162226,71
10022561,34478646,77
10022561,34478651,59
10022561,417859631,53
10022561,466122271,54
10022561,498134,92
100463306,22645196,63
100463306,25638306,57
100463306,26145658,57
100463306,26259014,54
100463306,27538415,51
100463306,28629028,54
100463306,29567100,63
100463306,29732992,93
100463306,29814175,63
100463306,31421442,51
100463306,32507038,51
100463306,33911781,60
100463306,34179228,51
100463306,38689090,57
100463306,410519017,54
100463306,443875380,66
100463306,462686590,57
100463306,496902072,54
100463306,496902074,57
100463306,509106602,60
100463306,520459951,60
100463306,523250132,66
100463306,541480240,90
100463306,547971231,75
100463306,640545,63
100463306,722013,100
100463306,725692,78
100463306,857606,66
10049621,158619,86
10049621,186109,95
10049621,27808044,95
10049621,28285910,60
10049621,29544965,99
10049621,29848657,95
10049621,300129,95
10049621,31654343,56
10049621,37239524,60
10049621,40147559,58
10049621,405377706,100
10049621,407889632,64
10049621,408332849,63
10049621,436514312,68
10049621,65681,90
100513922,1210496,68
100513922,1491585,85
100513922,159918,51
100513922,26508186,73
100513922,27501008,53
100513922,27588219,54
100513922,28406900,80
100513922,29567187,53
100513922,29593805,56
100513922,29724295,87
100513922,31445771,87
100513922,31445772,100
100513922,31654492,79
100513922,32272627,95
100513922,32628929,54
100513922,32785269,54
100513922,34017162,62
100513922,34364851,65
100513922,34380395,69
100513922,34923114,79
100513922,35618549,51
100513922,380683,51
100513922,38576323,72
100513922,386844,86
100513922,386859,53
100513922,403710591,68
100513922,404465600,54
100513922,417859220,85
100513922,418602584,62
100513922,420134142,59
100513922,436514312,73
100513922,513791211,66
100513922,5255798,62
100952823,175072,68
100952823,26609648,61
100952823,29005712,94
100952823,31473269,100
100952823,31997564,100
100952823,85571,88
100954736,108194,65
100954736,191528,53
100954736,208902,54
100954736,2186349,52
100954736,25714146,56
100954736,26569168,58
100954736,28571705,66
100954736,28754391,53
100954736,29431234,70
100954736,29794921,52
100954736,3225981,52
100954736,34040816,54
100954736,415793869,82
100954736,416552313,57
100954736,417250561,73
100954736,418602087,76
100954736,418603077,100
100954736,4189684,70
100954736,420513158,60
100954736,421110099,83
100954736,4213554,57
100954736,483937795,94
100954736,4875081,63
100954736,515453256,51
101409543,139359,51
101409543,139392,53
101409543,18094968,75
101409543,18533625,52
101409543,22766100,84
101409543,25706279,51
101409543,26494698,98
101409543,26508186,65
101409543,26508242,57
101409543,27538254,55
101409543,27770240,56
101409543,28406900,51
101409543,28605004,56
101409543,29095099,63
101409543,29567191,51
101409543,29593805,55
101409543,29819370,79
101409543,31838188,54
101409543,33166602,51
101409543,34200934,100
101409543,347355,85
101409543,381760,59
101409543,381849,54
101409543,415793539,63
101409543,441532,54
101409543,474099732,53
101855147,1212320,58
101855147,1296550039,60
101855147,138793,52
101855147,16483438,64
101855147,165340,60
101855147,185709,63
101855147,229302,54
101855147,26118421,54
101855147,26608941,54
101855147,26609868,80
101855147,27032788,77
101855147,28018269,80
101855147,28287132,74
101855147,28458116,52
101855147,28815583,56
101855147,28892408,81
101855147,29178366,77
101855147,31311205,70
101855147,316100,72
101855147,31654455,67
101855147,32507038,64
101855147,32957012,70
101855147,355992,60
101855147,372359,66
101855147,409649814,57
101855147,411314159,52
101855147,41632439,51
101855147,41632457,58
101855147,424474214,80
101855147,426852063,100
101855147,437392,65
101855147,445664012,75
101855147,4872537,54
101855147,4873813,58
101855147,4938704,76
101855147,86381,64
102243568,202373,65
102243568,22770884,52
102243568,26247685,67
102243568,27647515,53
102243568,28409128,64
102243568,28685979,53
102243568,28935312,66
102243568,28996630,51
102243568,29567187,96
102243568,29567189,78
102243568,29567191,68
102243568,30500857,56
102243568,33166602,67
102243568,381849,56
102243568,447925059,53
102243568,447926063,73
102243568,447926067,100
102243568,536622304,71
102268084,16593612,51
102268084,19159395,61
102268084,28660019,66
102268084,30431376,52
102268084,37095428,57
102268084,491686055,100
102268084,491686064,75
102278422,422790454,100
102278422,454966354,63
102278422,574566207,78
102781671,1428295,87
102781671,166317,72
102781671,189540,65
102781671,2310341,87
102781671,26228689,58
102781671,266823,77
102781671,28029509,79
102781671,28057864,66
102781671,28190492,80
102781671,29771658,100
102781671,29966565,93
102781671,300333,97
102781671,307514,75
102781671,30841616,61
102781671,31473269,87
102781671,31967121,82
102781671,325583,53
102781671,36024442,67
102781671,5264845,90
102784498,465920905,89
102784498,483671599,68
102784498,495220824,61
102784498,513336077,100
103251793,1369959,98
103251793,16411247,70
103251793,27808295,66
103251793,28285910,67
103251793,28481818,56
103251793,29823756,64
103251793,32628930,66
103251793,32922450,51
103251793,33941625,62
103251793,36871368,52
103251793,407002483,63
103251793,41640165,56
103251793,416552612,61
103251793,421423806,100
103251793,422428563,56
103251793,429450375,62
103251793,437608773,55
103251793,437755447,58
103251793,461443679,61
103251793,474567044,67
103251793,66204,64
103276034,407759451,100
103276034,415792916,64
103276034,415792918,98
103276034,417247652,84
103276034,418602084,83
103276034,420513158,71
103276034,432509483,100
103290872,1301979053,100
103290872,423849297,57
103290872,430793524,60
103290872,430793526,61
103290872,467166237,57
104186759,110400,63
104186759,114741,66
104186759,126430,87
104186759,135713,72
104186759,135768,60
104186759,135778,56
104186759,142351,63
104186759,147258,84
104186759,168091,53
104186759,169517,59
104186759,177414,69
104186759,186560,65
104186759,187908,100
104186759,188057,72
104186759,188432,56
104186759,189477,65
104186759,189586,63
104186759,189735,54
104186759,189895,71
104186759,190072,77
104186759,190449,68
104186759,212580,57
104186759,212644,54
104186759,229010,53
104186759,256468,78
104186759,25657149,75
104186759,25713022,68
104186759,26188037,65
104186759,26188043,60
104186759,276220,78
104186759,28306419,71
104186759,28314060,68
104186759,28427776,78
104186759,297587,56
104186759,29775419,86
104186759,306719,66
104186759,307003,56
104186759,307684,56
104186759,326784,87
104186759,35470197,77
104186759,35470416,71
104186759,35470424,87
104186759,35470426,59
104186759,390345,75
104186759,5237373,57
104186759,5279584,87
104186759,61791,72
104186759,63738,62
104186759,69827,56
104186759,69840,96
104186759,69842,59
104186759,71317,57
104186759,71405,53
104186759,82932,51
104186759,86369,60
104601586,28953753,92
104601586,29328045,52
104601586,31311140,100
104601586,33223393,53
104601586,363409,52
104601586,36496389,63
104601586,401722038,64
104601586,403710591,90
104601586,448144319,51
104601586,452804230,52
104601586,466622524,62
104601586,471420071,59
104601586,479422828,53
104601586,482988834,96
104601586,490602750,58
104601586,514765774,60
104706076,169140,56
104706076,22704404,58
104706076,26550675,63
104706076,28253156,78
104706076,32548222,53
104706076,37092095,72
104706076,401249910,51
104706076,464325111,100
104706076,5394068,52
104706076,82190,69
105015003,186536,100
105035331,29535531,57
105035331,32217105,95
105035331,426881505,54
105035331,731250,100
105047693,298258,100
105047693,88623,62
105118584,189207,100
105170452,240125,52
105170452,25882976,51
105170452,26092806,59
105170452,27795934,98
105170452,28566210,56
105170452,28987157,68
105170452,30284319,94
105170452,30798580,54
105170452,32317208,54
105170452,32408616,60
105170452,35030297,70
105170452,35625821,57
105170452,371362,100
105170452,37202030,70
105170452,413829329,54
105170452,415086339,68
105170452,415793869,57
105170452,421423806,64
105170452,445886680,52
105170452,461525011,63
105170452,467390244,78
105170452,467394172,91
105170452,473940122,54
105170452,483671599,58
105170452,492722,67
105170452,496869422,63
105170452,504974392,56
105170452,526464145,63
105170452,531040898,59
105173997,28288505,71
105173997,77099,100
105621945,2001472,53
105621945,25906124,71
105621945,26508240,68
105621945,27646199,58
105621945,28228208,66
105621945,299604,53
105621945,299981,60
105621945,300138,96
105621945,31426608,63
105621945,41665696,56
105621945,418603077,55
105621945,64443,81
105621945,64677,86
105621945,64833,100
105621945,66272,69
105621945,67381,57
105703817,186008,100
105703817,357386,57
105703817,475541,68
105703817,714434,55
105902603,167748,74
105902603,27483203,86
105902603,308169,78
105902603,31152310,53
105902603,402073807,53
105902603,404184825,58
105902603,411214279,100
105902603,412902950,53
105902603,415792563,79
105902603,428095913,56
106033118,109898,83
106033118,17141646,61
106033118,211243,63
106033118,224281,54
106033118,283646,65
106033118,29777652,96
106033118,30051774,100
106033118,32272267,65
106033118,33544179,51
106033118,399353367,56
106033118,412902950,81
106033118,85562,54
106277497,108099,59
106277497,188432,66
106277497,188989,100
106277497,234253,58
106277497,25642952,57
106277497,27946894,52
106277497,28285910,72
106277497,28577283,69
106277497,287035,68
106277497,29095230,99
106277497,32507038,69
106277497,368764,60
106277497,421423806,91
106277497,437292675,74
106277497,439915614,68
106277497,468513829,68
106277497,475038311,60
106277497,476323037,59
106277497,520458623,79
106277497,525278524,72
106277497,72408,51
106277497,95794,51
106393364,102138,58
106393364,102187,54
106393364,108242,71
106393364,108245,54
106393364,108931,60
106393364,126946,75
106393364,132975,61
106393364,167937,60
106393364,17194024,74
106393364,1761818,52
106393364,186260,58
106393364,189236,62
106393364,1940312,55
106393364,2080139,68
106393364,227012,84
106393364,22845944,67
106393364,25731320,67
106393364,26092806,98
106393364,26145112,78
106393364,26581079,71
106393364,26620638,85
106393364,27678693,52
106393364,27713963,71
106393364,27901129,75
106393364,27965452,67
106393364,28138493,85
106393364,28427655,54
106393364,28563317,81
106393364,28643203,80
106393364,28732142,62
106393364,28798921,71
106393364,28828074,62
106393364,28907016,72
106393364,28912659,94
106393364,29431066,55
106393364,29947420,81
106393364,30070700,91
106393364,30398875,78
106393364,30953009,71
106393364,31421176,100
106393364,32507038,84
106393364,32548266,65
106393364,32648345,57
106393364,32717172,61
106393364,32785393,60
106393364,32922182,70
106393364,33668486,67
106393364,33785777,60
106393364,34040693,75
106393364,34200485,84
106393364,34880006,74
106393364,35470197,61
106393364,36199725,100
106393364,36539010,85
106393364,36587407,72
106393364,368816,78
106393364,374605,54
106393364,399340015,67
106393364,405372761,61
106393364,407679949,58
106393364,407761890,87
106393364,408845159,64
106393364,41656275,74
106393364,4195310,51
106393364,421934070,51
106393364,439142564,61
106393364,439915614,72
106393364,451126768,87
106393364,461525011,52
106393364,464605692,57
106393364,483671599,67
106393364,503704380,51
106393364,5260505,54
106393364,531295576,92
106393364,5330992,65
106393364,540968,57
106393364,72408,64
106393364,805197,77
106393364,82932,60
106393364,88606,55
106402290,186016,84
106402290,415792916,54
106402290,418603077,100
106414975,1305366556,78
106414975,509135782,100
106420509,185809,58
106420509,185878,62
106420509,185904,57
106420509,185912,100
106420509,186005,65
106420509,186014,75
106420509,186016,77
106420509,191171,70
106420509,25657581,84
106420509,308299,75
106420509,308353,60
106420509,31838174,64
106420509,32507038,61
106420509,406238,61
106804914,108251,64
106804914,108478,70
106804914,16435051,60
106804914,17112299,67
106804914,186016,77
106804914,186833,64
106804914,189986,60
106804914,240141,83
106804914,25787216,71
106804914,26113988,65
106804914,276872,55
106804914,276936,78
106804914,277302,62
106804914,27804029,65
106804914,27955658,53
106804914,28315295,68
106804914,28563317,57
106804914,29414037,60
106804914,29431066,55
106804914,29572502,85
106804914,29572506,64
106804914,297952,60
106804914,29818120,52
106804914,29827506,51
106804914,299281,57
106804914,308353,66
106804914,31654343,54
106804914,327089,55
106804914,33162226,59
106804914,33471531,57
106804914,344384,52
106804914,35448826,56
106804914,36895537,72
106804914,37095955,70
106804914,38392313,64
106804914,405597568,56
106804914,406475394,77
106804914,409654891,94
106804914,411907897,57
106804914,4154790,68
106804914,415792881,51
106804914,41665696,64
106804914,41666027,52
106804914,417250561,58
106804914,418602087,64
106804914,418603077,70
106804914,421423806,91
106804914,428350583,61
106804914,4330223,58
106804914,439915614,100
106804914,440353010,55
106804914,449577226,51
106804914,452986458,62
106804914,468513829,60
106804914,483671599,53
106804914,5046372,73
106804914,65053,51
106804914,74493,77
107221704,27646198,93
107221704,27646205,87
107221704,28885472,59
107221704,33418579,72
107221704,413829859,89
107221704,514761281,100
107260590,186016,53
107260590,186119,55
107260590,28018269,92
107260590,31654343,79
107260590,418603077,60
107260590,435004281,76
107260590,441116287,100
107260590,66285,56
107261154,18733197,65
107261154,222589,59
107261154,26608604,55
107261154,27506483,55
107261154,27646203,100
107261154,30841619,66
107261154,343294,52
107261154,409060875,65
107261154,66272,52
107718223,108485,93
107718223,108931,69
107718223,165237,56
107718223,169137,54
107718223,202373,53
107718223,255294,51
107718223,25638794,87
107718223,25906124,59
107718223,26075548,87
107718223,27747330,56
107718223,27867140,75
107718223,28111636,75
107718223,28285910,100
107718223,28285912,61
107718223,28949843,53
107718223,316686,80
107718223,32192436,85
107718223,32628933,72
107718223,34834382,62
107718223,35403523,62
107718223,35476049,54
107718223,36587407,54
107718223,418603077,61
107718223,435996108,83
107718223,436514312,58
107718223,65528,100
107724809,16436302,83
107724809,18611513,58
107724809,27579165,100
107724809,2788529,91
107724809,464604518,52
107745008,1472386,56
107745008,28977542,67
107745008,29535531,92
107745008,308299,52
107745008,32922450,100
107745008,718765,73
108144172,174783,52
108144172,25718007,87
108144172,26393865,58
108144172,28191532,100
108145731,27746534,100
108145731,32803111,52
108180647,27483203,54
108180647,28732234,79
108180647,29392759,63
108180647,298258,74
108180647,316756,54
108180647,32192436,60
108180647,32507038,62
108180647,32785674,70
108180647,417859631,53
108180647,436514312,60
108180647,452986458,100
108548289,1299024959,76
108548289,1305366827,100
108548289,34072193,65
108548289,415085696,62
108548289,445546453,56
108548289,448518398,64
108548289,461525011,78
108548289,557579630,66
108548289,862592372,54
108548289,866018207,65
108573351,108108,54
108573351,1296583188,62
108573351,1296645941,82
108573351,168153,51
108573351,19542337,57
108573351,202373,68
108573351,26427663,51
108573351,26508232,54
108573351,27501813,54
108573351,27646205,71
108573351,27731425,60
108573351,28053533,51
108573351,29535531,51
108573351,29567189,57
108573351,29567192,82
108573351,29567193,88
108573351,29777652,62
108573351,30089575,51
108573351,30635662,60
108573351,32272267,100
108573351,32531550,57
108573351,32531797,77
108573351,32957955,60
108573351,33166563,51
108573351,34183367,51
108573351,34248259,97
108573351,350760,77
108573351,35270141,82
108573351,353993,60
108573351,36117640,51
108573351,380683,60
108573351,38576323,91
108573351,386844,77
108729761,158924,57
108729761,167876,52
108729761,171074,51
108729761,186279,66
108729761,25657578,71
108729761,26075338,100
108729761,26608518,56
108729761,27483202,77
108729761,27646197,60
108729761,27646205,60
108729761,27906318,86
108729761,28111262,74
108729761,286771,57
108729761,28977270,74
108729761,31081148,83
108729761,31426608,61
108729761,329218,68
108729761,329925,62
108729761,35476049,53
108729761,40257849,78
108729761,417595476,80
108729761,418603441,54
108729761,424264505,52
108729761,433018042,63
108729761,437290277,73
108729761,65769,55
108729761,65896,59
108729761,760058,85
108751977,34200930,100
108778413,188647,52
108778413,27955658,61
108778413,35447858,100
108778413,480579393,54
108778413,557581284,61
109201890,1303019637,100
109201890,175072,81
109201890,355793,60
109201890,38592422,62
109222778,191528,54
109222778,27747330,52
109222778,27955658,60
109222778,29759733,100
109222778,30070700,79
109222778,31445772,69
109222778,31654747,53
109222778,32507038,82
109222778,410519484,62
109222778,425100599,53
109222778,439915614,87
109222778,446940994,52
109222778,463157222,58
109222778,541131,51
109222778,542897860,74
109222778,574566207,63
109222778,640866,56
109699983,1320970362,88
109699983,28285910,100
109699983,549420116,91
109761086,150654,70
109761086,152391,59
109761086,169140,59
109761086,169185,62
109761086,169214,59
109761086,186016,56
109761086,188100,54
109761086,188703,80
109761086,191232,54
109761086,21178383,64
109761086,26658200,81
109761086,27808044,74
109761086,27955653,80
109761086,28111636,51
109761086,28427760,57
109761086,29561525,68
109761086,31260505,52
109761086,32192436,84
109761086,32507038,100
109761086,34169226,56
109761086,35528482,75
109761086,412327083,64
109761086,415792881,85
109761086,417859631,54
109761086,418603077,57
109761086,483671599,57
109769806,436487056,55
109769806,460112254,72
109769806,460198615,70
109769806,468270904,71
109769806,468423427,70
109769806,482386220,53
109769806,490238678,59
109769806,522511499,87
109769806,536624051,100
109771882,29764561,77
109771882,31134193,60
109771882,34324070,71
109771882,481327537,82
109771882,481519556,61
109771882,490595740,100
109771882,504677806,53
109777313,27759600,62
109777313,32785010,100
109777313,478736172,79
109780325,109196,66
109780325,145798,64
109780325,149989,67
109780325,155908,80
109780325,169243,70
109780325,189545,69
109780325,25640026,67
109780325,25640662,87
109780325,25657444,60
109780325,257524,64
109780325,26508096,60
109780325,27808044,78
109780325,27955651,70
109780325,28341410,82
109780325,29732106,61
109780325,29786040,65
109780325,29786404,74
109780325,29849186,69
109780325,32507038,73
109780325,328076,71
109780325,33307539,55
109780325,34998385,75
109780325,36393085,51
109780325,376417,67
109780325,399353390,79
109780325,402073582,67
109780325,405377471,62
109780325,406086250,57
109780325,409181575,71
109780325,412902689,71
109780325,415792881,88
109780325,417859631,76
109780325,420513275,80
109780325,421148953,73
109780325,421148954,71
109780325,421148955,79
109780325,421148956,62
109780325,421160837,79
109780325,421160838,78
109780325,441622766,100
109780325,463268713,53
109780325,476324907,69
109780325,63650,62
109780325,65681,61
109780325,88606,60
109780325,93492,61
109823734,1311346874,100
11027741,28692519,100
110287954,109998,56
110287954,185712,52
110287954,25706277,75
110287954,25706279,93
110287954,25706282,92
110287954,25706283,60
110287954,26494698,60
110287954,26508186,73
110287954,26508228,64
110287954,26508232,55
110287954,27646198,60
110287954,27646205,52
110287954,28310930,52
110287954,28406900,58
110287954,28815250,62
110287954,28875117,59
110287954,29378173,61
110287954,29414037,60
110287954,29535690,100
110287954,29567189,55
110287954,29593805,64
110287954,30051774,65
110287954,31445554,52
110287954,31445772,93
110287954,355995,53
110287954,38576323,86
110287954,386829,62
110287954,386837,69
110287954,394488,100
110287954,394551,52
110287954,407761964,62
110287954,41659256,51
110287954,433103718,52
110287954,441491828,58
110287954,449578813,59
110287954,451279121,92
110287954,455385729,72
110287954,458238990,51
110287954,463157222,70
110287954,465921227,60
110287954,475072295,79
110287954,501214679,71
110342845,65549,100
110342845,67452,88
110499084,206170,62
110499084,21609172,63
110499084,22737627,66
110499084,274598,100
110499084,28188425,65
110499084,28668855,86
110499084,293407,63
110499084,32922453,61
110499084,32957014,86
110499084,33075082,67
110499084,33223036,98
110499084,33340189,66
110499084,33418857,72
110499084,36668856,51
110499084,407004029,52
110499084,420401986,66
110499084,493911,53
110499084,64634,52
110499084,65800,57
110499084,836301,57
110499084,836406,56
110620559,29759733,100
110628075,16846091,58
110628075,25714352,52
110628075,26624725,68
110628075,27591659,71
110628075,27591661,100
110630517,224285,81
110630517,27901933,54
110630517,28707963,95
110630517,28707964,95
110630517,29750100,100
110630517,39443443,97
110630517,463752385,52
110646594,29593805,100
110646594,29850531,59
110655834,18621780,100
110655834,207497,85
110655834,25706285,51
110655834,27646786,59
110655834,27876900,51
110655834,28053533,66
110655834,28828074,67
110655834,29816217,54
110655834,29836524,56
110655834,30284674,53
110655834,30635706,86
110655834,32507038,75
110655834,35528482,54
110655834,416892296,61
110655834,419374463,51
110655834,457296866,58
110655834,478728197,52
110655834,5239883,59
110671014,25643291,52
110671014,27708297,72
110671014,33599268,64
110671014,409302060,57
110671014,503207408,100
110682299,110184,51
110682299,16504268,56
110682299,165375,52
110682299,167663,52
110682299,167679,68
110682299,167727,57
110682299,167882,88
110682299,167916,73
110682299,169632,53
110682299,189907,85
110682299,19338234,57
110682299,21699108,83
110682299,25641640,98
110682299,25986099,54
110682299,26524402,100
110682299,26601323,64
110682299,27698606,51
110682299,27759600,70
110682299,27955654,53
110682299,28427788,56
110682299,28445950,75
110682299,28452163,57
110682299,28481125,80
110682299,28802028,54
110682299,28987657,60
110682299,29827355,97
110682299,29947326,53
110682299,328002,93
110682299,353986,58
110682299,402073807,58
110682299,405597568,74
110682299,406730276,55
110682299,409649818,52
110682299,415792881,97
110682299,416385506,61
110682299,427609090,72
110682299,437250607,58
110682299,440411424,66
110682299,455545960,54
110682299,477796961,62
110682299,488256319,65
110682299,516838963,55
110682299,547866687,61
110682299,82123,83
110840431,425828457,98
110840431,479938130,100
110840431,483671599,73
110840431,588658,54
110927557,247811,73
110927557,26075648,58
110927557,287749,70
110927557,29357101,54
110927557,31877386,54
110927557,33911725,54
110927557,417859631,100
110927557,439139812,82
110927557,454733372,65
110927557,490238678,52
110927557,512486488,65
110933344,557584888,100
110964764,1881734,100
111240632,474739704,100
111264059,22842426,85
111264059,26402069,89
111264059,28285910,100
111264059,31654001,71
111264059,37778314,94
111264059,400876423,59
111264059,400876425,51
111264059,401250430,60
111264059,40249612,56
111264059,409276125,81
111264059,437250607,90
111273264,1300423074,82
111273264,186513,58
111273264,29004400,100
111273264,523251118,66
111298038,1300053792,100
111298038,27955653,64
111298038,462231369,52
111298038,535028705,60
111298038,553755659,54
111298038,557581263,65
111298038,572058482,81
111298038,572223808,67
111298038,573921126,61
111302824,28285910,51
111302824,436514312,100
111633740,29049493,66
111633740,32507038,75
111633740,461525011,55
111633740,4875911,100
111633740,522060986,65
111965180,1859321,100
111965180,186051,59
111965180,242603,98
111965180,299258,68
111965180,299276,51
111965180,299281,64
111965180,299460,66
111965180,308353,61
111965180,326719,63
111965180,326740,75
111965180,435288399,72
111965180,441612583,60
111965180,5041908,99
111965180,5059144,64
111965180,77159,67
112096522,108251,52
112096522,108269,52
112096522,114024,52
112096522,139703,56
112096522,146621,52
112096522,150430,59
112096522,165522,82
112096522,179242,64
112096522,185809,54
112096522,186016,57
112096522,189688,52
112096522,202373,56
112096522,208902,59
112096522,216153,59
112096522,255676,63
112096522,25657444,52
112096522,25788001,61
112096522,26508186,78
112096522,28191532,68
112096522,28830157,54
112096522,29011143,52
112096522,29848288,54
112096522,31010788,70
112096522,31134193,70
112096522,34167329,54
112096522,349079,66
112096522,38673176,61
112096522,407839677,66
112096522,407889632,94
112096522,409941123,61
112096522,410801653,52
112096522,411907521,56
112096522,412175360,56
112096522,418603077,68
112096522,419374177,68
112096522,431794349,52
112096522,431795824,57
112096522,437292675,64
112096522,440411424,54
112096522,441491828,77
112096522,442314991,56
112096522,442869203,100
112096522,448393515,63
112096522,448749148,54
112096522,450222687,52
112096522,451126768,73
112096522,451622017,66
112096522,461899833,94
112096522,465920905,70
112096522,468513829,54
112096522,474567580,75
112096522,474581010,91
112096522,474809597,64
112096522,475264150,61
112096522,476987525,57
112096522,478570927,52
112096522,480427115,82
112096522,481519556,87
112096522,482056804,77
112096522,483671599,63
112096522,484732973,71
112096522,486188245,56
112096522,493688834,61
112096522,499450722,80
112096522,500199296,61
112096522,502106026,75
112096522,504686951,59
112096522,506092654,68
112096522,507134227,64
112096522,509518010,52
112096522,516657051,59
112096522,5183688,70
112096522,5248928,80
112096522,525239752,75
112096522,5265183,52
112096522,5268600,66
112096522,536809,77
112096522,70447,66
112096522,84306,52
112096522,85571,89
112096522,85578,92
112096522,92429,61
112096522,95410,57
112126250,28406900,52
112126250,29740981,67
112126250,570287579,100
112520221,185703,76
112520221,186023,61
112520221,189312,93
112520221,26619167,62
112520221,27876224,94
112520221,28138667,77
112520221,29719727,53
112520221,29728114,57
112520221,30612754,97
112520221,32317208,54
112520221,32358691,52
112520221,32648342,52
112520221,33162226,71
112520221,33418857,87
112520221,34179228,72
112520221,420513275,59
112520221,440411424,72
112520221,445781219,100
112520221,560108,72
112520221,566603,62
112520221,567134,71
112520221,676568,51
112520221,718765,86
112520221,760533,56
112520221,92283,99
112526320,551339740,100
112550947,167802,70
112550947,25795005,60
112550947,26289183,100
112550947,26522009,54
112550947,32317909,57
112550947,410714751,55
112550947,492379128,66
112553199,139377,100
112553199,28059507,57
112553199,35447132,71
112553199,35618493,99
112553199,375328,67
112553199,407761576,61
112553199,439915614,56
112553199,5331744,59
112553199,5366472,53
112823806,17290777,76
112823806,18161816,80
112823806,186128,73
112823806,209251,51
112823806,21616332,78
112823806,22224439,73
112823806,25867002,60
112823806,27937279,69
112823806,28009051,56
112823806,29414037,60
112823806,29567189,61
112823806,29593805,59
112823806,29850531,56
112823806,3027636,100
112823806,30284481,52
112823806,350830,51
112823806,357312,71
112823806,3986376,53
112823806,409031377,52
112823806,4237846,96
112823806,437608773,61
112825155,109793,100
112825155,29567187,51
112825155,29567192,58
112825155,3879847,80
112825155,394488,76
112834895,25638794,94
112834895,34045407,56
112834895,38392240,100
112834895,407002483,56
112834895,441491828,80
112834895,449577226,68
112834895,458563540,67
112835505,109118,100
112835505,112545,57
112835505,141664,55
112835505,163044,85
112835505,186269,51
112835505,188550,65
112835505,223297,82
112835505,26092806,80
112835505,26303566,67
112835505,26598212,61
112835505,273603,59
112835505,27533117,55
112835505,28256115,54
112835505,28391342,69
112835505,28884460,66
112835505,28935211,73
112835505,29567100,65
112835505,30064292,86
112835505,302275,52
112835505,31066677,53
112835505,31446595,76
112835505,31654001,72
112835505,331193,90
112835505,33715027,54
112835505,36103847,65
112835505,406475388,55
112835505,406475394,57
112835505,423228325,51
112835505,433103084,55
112835505,5271750,66
112854472,27646205,100
112854472,475072295,52
112860402,4379080,100
112865892,108242,51
112865892,108251,53
112865892,1345018,70
112865892,149297,51
112865892,16375205,70
112865892,16607998,75
112865892,167912,81
112865892,17194024,65
112865892,185699,51
112865892,185868,68
112865892,186271,72
112865892,186385,60
112865892,188815,81
112865892,230000,51
112865892,25639007,60
112865892,25657148,53
112865892,25986043,82
112865892,261341,53
112865892,27713963,77
112865892,280724,53
112865892,28269095,98
112865892,28481818,82
112865892,287035,62
112865892,29019227,51
112865892,290720,63
112865892,29480187,51
112865892,296931,55
112865892,29744130,100
112865892,29818120,84
112865892,3026369,62
112865892,306672,53
112865892,307525,51
112865892,307684,89
112865892,32405684,51
112865892,32450986,72
112865892,32507038,55
112865892,326904,58
112865892,327089,82
112865892,34341349,60
112865892,35090707,53
112865892,405597568,51
112865892,4160632,51
112865892,4173190,58
112865892,418603077,91
112865892,442760,58
112865892,480353,56
112865892,4878612,58
112865892,492151019,55
112865892,5239883,51
112865892,5256956,55
112865892,5308028,63
112865892,65741,51
112865892,82123,53
112865892,86360,93
112865892,86367,56
113071510,110452,73
113071510,116841,64
113071510,1477670,52
113071510,17793698,70
113071510,21803914,59
113071510,224993,56
113071510,259603,52
113071510,27759600,78
113071510,27890306,78
113071510,27955653,54
113071510,28208046,52
113071510,28409805,52
113071510,287057,54
113071510,29004400,89
113071510,29535352,75
113071510,30635613,56
113071510,31445772,100
113071510,32507038,57
113071510,347597,64
113071510,349079,82
113071510,35403523,63
113071510,35625821,63
113071510,38576323,66
113071510,447280427,52
113071510,475072295,54
113071510,504835560,56
113071510,5279718,59
113218725,28427066,56
113218725,29392922,61
113218725,437387277,57
113218725,516657140,100
113221245,103027,53
113221245,26508186,56
113221245,434022109,58
113221245,436514312,100
113222450,156772,79
113222450,22782025,53
113222450,255204,53
113222450,255677,60
113222450,25706282,65
113222450,25714355,60
113222450,26624725,53
113222450,27501813,55
113222450,27538415,55
113222450,276220,63
113222450,276830,58
113222450,28798439,52
113222450,28859948,55
113222450,29005712,96
113222450,29418971,53
113222450,29431066,55
113222450,29567187,74
113222450,29567192,55
113222450,29600637,57
113222450,29713638,96
113222450,29724295,76
113222450,30212877,63
113222450,30431376,58
113222450,30967318,57
113222450,31421442,63
113222450,32196517,55
113222450,35476049,52
113222450,36199595,61
113222450,405599469,68
113222450,405599470,53
113222450,406475388,61
113222450,409941242,58
113222450,461011,60
113222450,5240550,52
113222450,72394,100
113222450,86477,52
113225779,38576323,77
113225779,439915614,91
113225779,571339417,100
113229957,187527,58
113229957,187937,64
113229957,188522,62
113229957,188639,57
113229957,188674,56
113229957,188703,62
113229957,189315,51
113229957,27493153,65
113229957,27493175,62
113229957,27955654,100
113229957,28285910,64
113229957,29414156,51
113229957,33418570,60
113229957,346069,67
113229957,5042924,52
113271974,130145,58
113271974,28283137,100
113271974,31010481,63
113271974,35476044,56
113271974,36150692,57
113271974,487587281,52
113271974,491922940,82
113271974,511975111,53
113271974,93588,52
113275906,208933,83
113275906,27333918,88
113275906,27867440,85
113275906,34200934,53
113275906,34922098,62
113275906,34922949,65
113275906,36308719,58
113275906,366040,100
113275906,530995517,64
113537424,29567193,51
113537424,447926067,100
113537424,461525011,55
113537424,535028705,53
113636090,28737747,100
113636090,34828971,77
113914783,22797495,62
113914783,29436957,55
113914783,29732992,52
113914783,29750962,52
113914783,31134451,61
113914783,31421442,77
113914783,31421454,59
113914783,37854214,59
113914783,426881487,77
113914783,482636090,59
113914783,514235010,100
113914783,811995,69
114022919,22846518,100
114352901,26428077,53
114352901,27759600,56
114352901,29567187,67
114352901,29567188,70
114352901,29567189,60
114352901,29567192,63
114352901,29567193,100
114352901,34852810,53
114352901,447925058,55
114352901,447925059,56
114352901,447926063,62
114352901,447926067,66
114364535,1321382639,51
114364535,3023862,100
114364535,418603077,63
114364535,445666472,53
114386948,105929,59
114386948,156772,90
114386948,186331,71
114386948,26034820,85
114386948,27483204,56
114386948,28587882,63
114386948,29593497,79
114386948,31010921,64
114386948,316397,69
114386948,316486,84
114386948,316498,99
114386948,316510,100
114386948,316517,57
114386948,316637,75
114386948,316654,76
114386948,316678,60
114386948,316683,72
114386948,316686,78
114386948,316691,82
114386948,316693,84
114386948,316756,77
114386948,32705315,64
114386948,33668262,60
114386948,33850772,52
114386948,365875,62
114386948,421870556,73
114386948,442016663,54
114386948,466756562,65
114386948,472310643,57
114386948,64016,60
114386948,64026,54
114386948,64141,58
114386948,64634,70
114386948,64797,69
114386948,64874,58
114386948,64886,78
114386948,64922,64
114386948,65761,77
114386948,65763,64
114386948,85786,54
114410210,10308019,53
114410210,108851,100
114410210,120279,61
114410210,22826954,62
114410210,276904,96
114410210,27808044,51
114410210,27955653,59
114410210,28234608,66
114410210,29004400,95
114410210,29498859,76
114410210,32192436,84
114410210,32507038,78
114410210,33955321,69
114410210,411314823,72
114410210,432509483,54
114410210,92831,92
114423765,26508242,62
114423765,27867507,85
114423765,29724295,54
114423765,35030225,100
114618456,139774,61
114618456,28765208,54
114618456,29803271,54
114618456,30569561,60
114618456,32807019,100
114818716,19154097,57
114818716,191560,100
114818716,26211156,53
114818716,288075,65
114818716,308353,85
114818716,316808,52
114818716,34229234,84
114821877,22829906,99
114821877,254574,62
114821877,546723152,100
114821877,553755659,81
114821877,557584888,54
114865387,407435011,100
114878297,421423806,100
114878297,468517654,51
114878297,64312,52
114887245,118940,72
114887245,1934077,87
114887245,2310010,54
114887245,254328,100
114887245,306664,60
114887245,31877636,72
114887245,32640284,62
114887245,33162226,87
114887245,37202030,68
114887245,404184209,54
114887245,411988502,85
114903394,169144,68
114903394,169216,60
114903394,255858,51
114903394,257202,62
114903394,27890306,54
114903394,29759733,85
114903394,32192436,59
114903394,32507038,54
114903394,32507039,59
114903394,35625824,56
114903394,415792881,56
114903394,415793076,54
114903394,417859631,100
114903394,434550872,57
114903394,471385043,54
114903394,5272940,56
115060236,26128872,67
115060236,27955658,66
115060236,28188382,71
115060236,29572501,88
115060236,30413333,56
115060236,32174135,54
115060236,32807019,100
115060236,33085232,66
115060236,33856340,52
115060236,3409264,58
115060236,34383213,56
115060236,36496389,71
115060236,405599470,55
115060236,422790454,64
115060236,425100599,54
115060236,440241077,62
115060236,445867332,53
115060236,475530855,58
115060236,483717360,56
115060236,505336,52
115060236,505885317,56
115060236,624670,51
115270267,28308845,60
115270267,29812654,100
115270267,29932453,55
115270267,31445772,54
115270267,33544485,54
115270267,36102113,60
115270267,36198058,51
115270267,36308719,60
115270267,363409,60
115270267,448316224,68
115270267,461519272,53
115270267,483671599,77
115270267,489998081,54
115620955,168153,58
115620955,17822689,61
115620955,18795387,51
115620955,26522011,56
115620955,27646201,73
115620955,381758,76
115620955,381849,100
115620955,386837,56
115620955,410801745,87
115620955,478490652,59
115629295,111536,55
115629295,189315,63
115629295,190241,67
115629295,28111646,63
115629295,28481818,56
115629295,32507038,100
115629295,36664783,58
115629295,5267256,56
115660040,187083,71
115660040,26090100,52
115660040,28853825,88
115660040,29761121,78
115660040,29953163,61
115660040,33241356,100
115660040,347230,79
115660040,350802,79
115660040,394618,60
115660040,4049030,71
115966372,26224540,87
115966372,297533,100
115966372,306934,67
115966372,414691185,71
115966372,516657140,74
115983775,1297486027,80
115983775,130317,73
115983775,2587456,52
115983775,28126835,53
115983775,28391037,60
115983775,28391038,52
115983775,28391219,83
115983775,28557032,90
115983775,28557036,73
115983775,28828577,71
115983775,28935309,54
115983775,29567192,52
115983775,29743607,73
115983775,29775777,58
115983775,30635613,72
115983775,32857121,72
115983775,33337018,54
115983775,33544864,54
115983775,34084969,56
115983775,35345243,64
115983775,35678973,52
115983775,35847131,68
115983775,35848032,87
115983775,365569,58
115983775,36586584,76
115983775,36668810,54
115983775,36895537,64
115983775,399552413,80
115983775,40249713,54
115983775,413829873,69
115983775,41664255,68
115983775,419594869,98
115983775,421423806,67
115983775,421423808,57
115983775,421870099,78
115983775,422428083,68
115983775,429450375,87
115983775,429769591,56
115983775,430043767,58
115983775,432698441,80
115983775,441491828,52
115983775,445546968,52
115983775,448143354,93
115983775,448184048,53
115983775,450567505,100
115983775,451169473,56
115983775,454438383,86
115983775,460542191,52
115983775,463353268,61
115983775,465677131,71
115983775,466010474,58
115983775,467590816,83
115983775,470739241,52
115983775,471403427,69
115983775,473873430,84
115983775,473873431,53
115983775,476058087,52
115983775,486188245,79
115983775,488641796,84
115983775,502103677,58
115983775,5046367,60
115983775,507014930,67
115983775,507116696,61
115983775,512358238,57
115983775,518895410,60
115983775,534540013,69
115983775,534540498,53
115983775,544151583,53
115983775,82461,63
116024473,101109,88
116024473,108390,100
116024473,108557,51
116024473,35847388,57
116024473,36102113,86
116024473,405599469,66
116024473,418602611,56
116024473,421137682,79
116024473,432509483,91
116024473,435288233,55
116024473,479979029,79
116024473,5241877,55
116315924,32272267,100
116321386,186014,76
116321386,186016,60
116321386,186019,100
116321386,30031035,94
116332335,167975,54
116332335,168053,58
116332335,168091,51
116332335,186385,72
116332335,22713385,68
116332335,22835115,61
116332335,25727803,66
116332335,26199445,64
116332335,26584819,56
116332335,27537223,100
116332335,27570005,61
116332335,27955653,76
116332335,28188706,52
116332335,28285730,70
116332335,28837184,65
116332335,32507038,77
116332335,33162226,58
116332335,33378207,65
116332335,338870,64
116332335,35476049,60
116332335,374794,54
116332335,415792881,95
116332335,434550603,82
116332335,4377220,61
116332335,5271858,68
116332335,65126,56
116332335,70100,54
116335722,1306154152,68
116335722,28718069,68
116335722,29004400,93
116335722,29761121,81
116335722,33418570,62
116335722,448707059,81
116335722,478303470,62
116335722,505820138,100
116335722,550936829,62
116335722,553237825,87
116697522,79938,100
116729765,110334,73
116729765,167799,86
116729765,168097,59
116729765,185904,62
116729765,187402,54
116729765,243927,83
116729765,255677,100
116729765,25726212,75
116729765,26569499,68
116729765,27646199,57
116729765,27984052,61
116729765,28341638,76
116729765,377795,72
116729765,40147552,55
116729765,461525011,53
116729765,504932389,53
116729765,95447,59
116741907,186331,73
116741907,436514312,100
116750487,25657277,100
116759936,1293918810,67
116759936,2529459,85
116759936,272590,52
116759936,30621618,52
116759936,482495916,70
116759936,482633926,100
116759936,485960228,76
116759936,4874932,64
116759936,522269894,64
116768517,32507038,55
116768517,36117196,100
116768517,386844,65
116768517,401722038,53
116768517,409649819,74
116768517,409650851,58
116768517,451113440,65
116768517,481859794,65
117002786,26223262,76
117002786,29713754,52
117002786,30431376,100
117002786,33162033,64
117002786,392524,60
117002786,412902507,72
117002786,437250607,58
117002786,448393515,70
117002786,452601484,58
117002786,459723209,92
117002786,472045627,62
117002786,472361096,60
117003827,16435022,59
117003827,208891,52
117003827,208938,60
117003827,210281,85
117003827,25638794,100
117003827,28561288,62
117003827,28935306,64
117003827,308299,64
117003827,368764,81
117003827,37092868,52
117003827,404746056,86
117013777,22669745,79
117013777,22677525,63
117013777,26373078,58
117013777,28941714,53
117013777,28949581,89
117013777,29449258,53
117013777,30431340,59
117013777,30798757,52
117013777,31356495,83
117013777,31830625,100
117013777,32192783,69
117013777,34509164,59
117013777,406716121,79
117013777,439915614,57
117013777,460282,57
117013777,4937375,83
117013777,730669,55
117013777,812709,63
117064902,1068931,52
117064902,109998,52
117064902,1375824,51
117064902,16821624,61
117064902,16821632,60
117064902,17822712,62
117064902,17822771,63
117064902,1789070,79
117064902,1789208,51
117064902,18610207,67
117064902,18658931,80
117064902,19673369,51
117064902,22551663,67
117064902,22563394,67
117064902,26511658,74
117064902,27501813,75
117064902,27759600,52
117064902,2872197,67
117064902,29567192,81
117064902,29567193,100
117064902,29753861,54
117064902,29979822,94
117064902,30431364,100
117064902,30431373,70
117064902,30841627,69
117064902,31152310,52
117064902,31445772,97
117064902,31529024,67
117064902,32272267,64
117064902,34033985,57
117064902,35283291,54
117064902,35476188,92
117064902,3923697,52
117064902,399953025,58
117064902,405597458,91
117064902,4102682,60
117064902,410801653,61
117064902,414670068,58
117064902,418279803,78
117064902,4225509,56
117064902,4226257,53
117064902,4226353,67
117064902,425100599,60
117064902,4279075,68
117064902,436346833,74
117064902,442869203,61
117064902,444058254,70
117064902,444267629,80
117064902,450853439,59
117064902,455542059,51
117064902,480769653,65
117064902,505885317,74
117064902,516358164,85
117064902,516708893,54
117064902,525278524,81
117303232,1222876,56
117303232,520477279,100
117325494,150564,75
117325494,156736,85
117325494,158655,100
117325494,186453,66
117325494,187387,87
117325494,187402,61
117325494,188550,78
117325494,191489,73
117325494,191508,84
117325494,19182546,80
117325494,202373,82
117325494,212162,68
117325494,213355,71
117325494,227405,75
117325494,254794,68
117325494,254945,63
117325494,25706226,73
117325494,25731320,52
117325494,26609113,63
117325494,27747330,54
117325494,28285736,78
117325494,28341500,71
117325494,28403111,56
117325494,28732234,84
117325494,29759733,89
117325494,306662,52
117325494,306664,70
117325494,31426608,52
117325494,316498,52
117325494,316654,57
117325494,316756,64
117325494,34509411,63
117325494,354588,63
117325494,366024,68
117325494,370776,87
117325494,435288399,85
117325494,437292675,61
117325494,449577226,66
117325494,471385043,54
117325494,86771,89
117326957,28768109,100
117326957,29593805,82
117326957,37239018,69
117326957,393685,84
117326957,417833674,64
117326957,459278804,63
117326957,468176711,70
117326957,475463503,84
117326957,586299,51
117566308,208902,52
117566308,22832513,56
117566308,29431284,88
117566308,32507038,66
117566308,33035717,69
117566308,37239171,82
117566308,38673639,62
117566308,399353833,67
117566308,409650841,54
117566308,417859095,52
117566308,419594473,53
117566308,420125502,64
117566308,421160179,77
117566308,422104475,54
117566308,424060463,67
117566308,426852063,100
117566308,427595456,54
117566308,436699534,68
117566308,442605266,82
117566308,4875079,51
117566308,4875084,60
117566308,551340976,56
117577670,118261,89
117577670,27646199,100
117577670,326904,80
117577670,402070840,56
117578461,153784,77
117578461,1698391,66
117578461,18055455,52
117578461,18621780,54
117578461,189688,73
117578461,2001320,62
117578461,20953761,54
117578461,21539597,88
117578461,21674656,51
117578461,2309623,52
117578461,235690,61
117578461,239159,73
117578461,26590278,59
117578461,282633,54
117578461,29378196,76
117578461,31445554,59
117578461,33251440,69
117578461,33544561,91
117578461,4051656,65
117578461,4083902,59
117578461,412052701,100
117578461,66476,75
117981790,28606305,100
117981790,28707952,58
117985185,437802725,100
117985185,508905789,54
117992466,255858,52
117992466,25638822,83
117992466,26159506,61
117992466,26562382,54
117992466,31967121,55
117992466,409941488,100
117992466,81394,63
118278886,25867002,100
118282786,1327456179,67
118282786,167946,66
118282786,28167353,55
118282786,28949739,80
118282786,29328045,78
118282786,36308877,83
118282786,36861904,73
118282786,368764,51
118282786,394485,75
118282786,412902950,62
118282786,412911786,100
118282786,415792563,57
118282786,429450375,64
118282786,442589023,76
118282786,554191378,82
118282786,557584658,67
118284908,108179,58
118284908,26045004,85
118284908,30284674,62
118284908,327096,57
118284908,471403427,51
118284908,514761281,100
118284908,557584888,62
118370698,410161283,100
119727495,26508242,56
119727495,29535531,100
119727495,328169,74
120708957,427016093,89
120708957,461080452,71
120708957,717251,100
12085926,1210496,59
12085926,132975,70
12085926,16686427,53
12085926,18202455,52
12085926,210281,56
12085926,25714352,65
12085926,25727428,82
12085926,26142919,89
12085926,27853747,53
12085926,27867449,69
12085926,28282862,53
12085926,29378212,70
12085926,29535483,54
12085926,29535690,96
12085926,29761121,78
12085926,30621954,71
12085926,30987092,61
12085926,31877648,62
12085926,33162226,77
12085926,408332757,59
12085926,5240789,70
12085926,64443,100
12085926,65758,54
12085926,94714,51
121128168,1305366556,86
121128168,29004400,60
121128168,432698825,100
121128168,472137749,90
121155285,102138,60
121155285,108251,69
121155285,165340,66
121155285,169255,72
121155285,176053,58
121155285,26609335,94
121155285,27955658,82
121155285,28188382,56
121155285,28668855,67
121155285,29774430,55
121155285,32507038,85
121155285,36587407,85
121155285,414002848,51
121155285,417859335,51
121155285,420096750,100
121155285,420513275,51
121155285,421124756,53
121155285,5366190,57
121155285,5366197,66
121155285,63650,76
122280544,39224533,100
122280544,432821633,83
123999964,185912,54
123999964,28935312,56
123999964,29137870,51
123999964,29137871,59
123999964,29747527,52
123999964,29759733,52
123999964,33162226,73
123999964,38391230,100
123999964,412175360,56
123999964,443070379,78
12864642,1060914,85
12864642,156050,62
12864642,185904,56
12864642,186000,58
12864642,186003,51
12864642,186014,58
12864642,186016,85
12864642,186114,72
12864642,26598946,75
12864642,27591655,94
12864642,27646205,80
12864642,29378166,64
12864642,29414460,60
12864642,29732300,56
12864642,29750167,84
12864642,30431376,59
12864642,32743519,88
12864642,32922450,57
12864642,344362,76
12864642,381821,100
12864642,381825,77
12864642,381849,82
12864642,4132379,62
12864642,4341314,65
12864642,442869386,62
1289523193,421160838,56
1289523193,474567044,60
1289523193,520458481,58
1289523193,525241230,100
129059306,126946,52
129059306,25718007,100
129059306,28138588,51
129059306,423015580,61
129059306,427542186,52
129059306,429450375,85
129059306,513791211,70
1290872272,497400537,51
1290872272,514761281,57
1290872272,522510615,51
1290872272,538628834,100
129319998,27764406,65
129319998,28285910,55
129319998,411315107,100
129319998,421423198,60
129319998,498555865,55
129319998,514761125,62
129319998,526464293,57
1294275423,27867140,100
1294275423,417596830,53
1294275423,428387243,54
1294275423,498880099,82
1294275423,500894908,78
1294275423,516657051,84
1294275423,521749225,73
1294275423,64093,67
129561221,186683,55
129561221,187738,83
129561221,27588486,100
129561221,27759600,65
129561221,418603077,70
129561221,439915614,52
129561221,69840,60
130297533,186008,64
130297533,28274506,63
130297533,35090760,100
130297533,402073488,61
1305775633,29759733,100
1305775633,445546453,59
1305775633,466370500,55
1305775633,521780143,54
1326940712,106075,54
1326940712,2638914,56
1326940712,27583628,54
1326940712,31477432,53
1326940712,31997968,51
1326940712,32785010,56
1326940712,418550944,56
1326940712,422104424,56
1326940712,430053207,56
1326940712,440208643,51
1326940712,476459716,66
1326940712,483937795,69
1326940712,529668356,100
1326940712,534542406,56
1326940712,544000397,59
1326940712,79938,87
1328330346,1294910319,63
1328330346,562594267,55
1328330346,571338279,100
1328330346,866018207,81
1331165674,1300888121,84
1331165674,247172,58
1331165674,25906124,61
1331165674,452301482,88
1331165674,459925763,87
1331165674,507933257,69
1331165674,553755659,100
1331165674,563282238,51
135795159,167781,58
135795159,27955652,74
135795159,27955655,80
135795159,28427734,99
135795159,28606058,100
135795159,28665056,69
135795159,306643,86
135795159,306644,60
135795159,30841111,52
135795159,31311126,62
135795159,407002483,64
135795159,417859631,73
135795159,421160838,79
135795159,429450375,57
135795159,455345431,91
135795159,466122271,53
135795159,468513829,79
135795159,482796512,99
135795159,484732162,66
1359135760,135355,55
1359135760,187931,57
1359135760,27538253,51
1359135760,316654,53
1359135760,415085696,71
1359135760,460578140,62
1359135760,502103677,52
1359135760,509343394,52
1359135760,513360721,87
1359135760,527282382,52
1359135760,541480287,53
1359135760,574566207,100
136285095,27928580,55
136285095,29393563,54
136285095,29401512,61
136285095,31062971,58
136285095,32897672,51
136285095,404460640,100
136285095,425100599,84
136285095,534542404,73
136684335,411356967,85
136684335,422429893,64
136684335,422429894,61
136684335,423058848,61
136684335,425724233,55
136684335,430062398,69
136684335,435948472,77
136684335,459554803,75
136684335,464169542,69
136684335,471473107,84
136684335,484499928,68
136684335,490887071,96
136684335,500224267,53
136684335,520222087,63
136684335,531051217,100
136684335,545345790,78
136684335,547463510,70
136684335,548017488,69
136684335,550047927,75
136684335,550061266,91
1372793284,1294899029,86
1372793284,1299570603,66
1372793284,429459647,56
1372793284,430026506,56
1372793284,445505374,63
1372793284,461899833,79
1372793284,466370500,60
1372793284,472117541,55
1372793284,486252038,52
1372793284,504624714,92
1372793284,509932349,59
1372793284,514761281,72
1372793284,522510615,79
1372793284,528271077,64
1372793284,541800431,61
1372793284,546723152,51
1372793284,557581095,100
13881677,190499,100
13881677,209108,54
13881677,255858,52
13881677,306967,95
13881677,528478158,71
1389819225,36895537,98
1389819225,36953776,84
1389819225,427595458,100
1389819225,479598964,64
1389819225,486111543,54
1389819225,501737237,88
1389819225,571338279,69
1392991630,461525011,52
1392991630,498040739,59
1392991630,525086802,100
1395731574,557584888,100
1400931271,1313363502,64
1400931271,28643203,54
1400931271,415086030,67
1400931271,462284324,100
1400931271,463267954,62
1400931271,480769052,51
1400931271,516400003,53
1400931271,518686034,54
1400931271,521602388,79
1400931271,522510615,58
1400931271,534540498,69
1400931271,534542079,67
1400931271,544713530,58
1400931271,545589369,77
1400931271,549309116,58
1400931271,553755659,77
1400931271,554241732,59
1400931271,557583281,69
1400931271,569214126,64
1416557004,28059507,60
1416557004,32408458,76
1416557004,543988388,59
1416557004,545590290,79
1416557004,548648087,70
1416557004,548650088,70
1416557004,550136151,100
1416557004,550136152,51
1416557004,553813030,51
1434276411,28285910,100
1434276411,32450986,53
1434276411,493316158,75
1434276411,502043537,51
1434276411,504835560,64
1434276411,515601126,53
1434276411,530986063,51
1434276411,545314781,89
1434276411,551338687,64
1434276411,562594322,57
1434276411,570326067,63
1434276411,571604922,73
1434276411,864490003,62
1448639361,1293886117,56
1448639361,28793187,56
1448639361,532253643,88
1448639361,547600066,69
1448639361,549309116,57
1448639361,553310243,100
1448639361,553755659,56
1448639361,557584888,65
1448639361,569214126,52
1470237675,145424,58
1470237675,152392,93
1470237675,416892296,59
1470237675,439139817,59
1470237675,450853439,100
1481501245,28892408,77
1481501245,407679465,63
1481501245,426027293,57
1481501245,446508938,55
1481501245,494858498,69
1481501245,505474456,71
1481501245,562594322,52
1481501245,566442496,52
1481501245,569214126,100
1481501245,571338279,51
1481501245,572819430,54
1502158878,17950509,85
1502158878,25698049,100
1502158878,526464293,61
1590326802,1323304951,100
1590326802,534542079,67
1590326802,863046037,86
1640397763,1299570603,99
1640397763,1305824471,99
1640397763,1311345958,100
1640397763,189315,99
1640397763,254191,99
1640397763,25642121,99
1640397763,27808044,99
1640397763,28018075,99
1640397763,28138080,99
1640397763,298900,99
1640397763,316108,99
1640397763,33071053,100
1640397763,342749,99
1640397763,36492751,99
1640397763,37202358,99
1640397763,37764299,100
1640397763,504835560,99
1640397763,507364094,99
1640397763,525278524,99
1640397763,526464293,99
1640397763,545589369,99
1640397763,548556869,99
1640397763,556203044,99
1640397763,562594319,99
1640397763,562598081,99
1640397763,74505,99
1663023277,566442496,100
1878284,169152,53
1878284,27646204,56
1878284,27770339,56
1878284,29481242,86
1878284,31134197,63
1878284,32192436,77
1878284,32507038,54
1878284,406475394,56
1878284,427610923,100
19316947,1321385655,61
19316947,28557036,53
19316947,28815250,55
19316947,32922450,100
19316947,518896134,55
20228423,108119,55
20228423,139361,53
20228423,139375,68
20228423,25706282,63
20228423,26508242,72
20228423,28357184,100
20228423,28815250,55
20228423,34200930,77
20228423,34200934,82
20228423,406737702,90
20228423,417859076,63
20228423,461347998,56
20228423,518896134,97
20228423,85427,55
246478192,202373,67
246478192,208908,83
246478192,208938,55
246478192,210287,64
246478192,26508240,61
246478192,27955654,77
246478192,28285910,83
246478192,28285912,64
246478192,28561288,64
246478192,28793052,54
246478192,28793502,79
246478192,29294273,81
246478192,29535690,57
246478192,29759733,59
246478192,31967121,69
246478192,32507039,57
246478192,36587407,55
246478192,400161588,74
246478192,405253305,52
246478192,412175360,88
246478192,415793869,67
246478192,416552313,77
246478192,426850348,59
246478192,432506809,66
246478192,435996108,59
246478192,440241144,100
246478192,513360721,57
246478192,85578,91
248891763,26145723,100
248891763,26145725,75
248891763,26427653,94
248891763,26427662,93
248891763,26427663,65
248891763,26427666,74
248891763,29328045,60
248891763,29414460,60
248891763,33166563,66
248891763,35270141,57
248891763,35847032,52
248891763,399342748,63
248891763,399342750,54
248891763,399343763,55
248891763,399343765,52
248891763,399354289,63
248891763,412911786,61
248891763,444269612,57
250801936,25657376,66
250801936,30967308,70
250801936,31445772,57
250801936,412493245,54
250801936,440411394,54
250801936,447925058,65
250801936,447926063,100
250801936,478490649,75
250801936,478490652,57
250801936,478491639,57
250801936,478491643,51
256058223,31719414,54
256058223,32046185,65
256058223,32648253,55
256058223,368173,100
256058223,407759975,65
256058223,408250378,68
256058223,409650012,55
256058223,41665696,68
256058223,422429753,72
256058223,424498749,88
256058223,427016317,55
256058223,435307328,70
256058223,440241201,62
256058223,456456745,57
256058223,459000945,70
256058223,469801068,58
256058223,479598964,57
257076844,29562333,65
257076844,404465600,74
257076844,478303470,70
257076844,492151019,100
257076844,496869422,76
257076844,513360721,86
2572305,242603,100
2572305,437292675,55
2572305,444356086,64
257469024,35032655,90
257469024,571338279,100
257622924,427016093,100
260981226,28248872,55
260981226,29819851,67
260981226,36895537,58
260981226,409872465,69
260981226,437250607,70
260981226,452986458,82
260981226,465593781,100
260981226,472747752,56
260981226,474922552,64
260981226,475072040,52
263884173,27965043,100
263884173,415793869,62
263884173,525278369,52
263884173,571074019,62
264966520,29562333,72
264966520,29567191,100
264966520,338870,56
264966520,417250673,52
264966520,419375067,51
264966520,428375722,51
266088971,29535531,100
266088971,316938,73
266448574,30431376,59
266448574,308353,66
266448574,33471531,51
266448574,421423806,51
266448574,445665094,100
268678989,153476,100
268678989,186596,54
268678989,186980,63
268678989,187215,80
268678989,188948,76
268678989,28732667,52
268678989,5271858,56
269484921,255677,55
269484921,27646199,100
269484921,28196340,56
269484921,326703,68
269484921,5247677,59
269484921,65234,56
275037331,167715,100
275037331,191552,76
275037331,441491828,75
275603918,1939032,51
275603918,21252806,51
275603918,26113988,61
275603918,276294,51
275603918,27867140,61
275603918,28639182,55
275603918,30284559,59
275603918,34723529,90
275603918,35955908,69
275603918,36024806,77
275603918,36103237,88
275603918,412911436,54
275603918,413961906,77
275603918,422429425,66
275603918,422429426,51
275603918,423314746,51
275603918,436046584,65
275603918,449818741,79
275603918,455311526,52
275603918,478029410,55
275603918,478029411,73
275603918,478049307,63
275603918,480579393,88
275603918,482395461,52
275603918,516657051,100
275603918,5293802,54
275603918,722928,68
277647628,28875006,70
277647628,423776423,100
277647628,448017968,79
277647628,460578140,62
277647628,462688682,54
277647628,517565282,63
277647628,522631413,54
277647628,553755659,72
278700704,28188083,53
278700704,29011128,52
278700704,33206214,96
278700704,483671599,100
278700704,526464293,52
278700704,5373874,64
281260219,25867002,52
281260219,27646196,80
281260219,27759600,100
285942042,109998,61
285942042,202373,53
285942042,27646205,100
285942042,29572804,75
285942042,31445554,91
285942042,31445772,63
285942042,34380395,53
285942042,350760,75
285942042,38576323,64
285942042,403710591,66
285942042,409654891,59
285942042,421423806,57
285942042,436514312,64
285942042,442869386,51
285942042,458238990,52
285942042,468877074,52
285942042,479403036,54
290030974,29713218,100
290030974,523678346,54
290030974,557581095,71
291222858,1809014,100
291222858,5361873,61
292366539,28514502,100
292366539,415792222,70
292496176,113289,51
292496176,21803760,52
292496176,28692519,56
292496176,343065,88
292496176,409650841,100
292496176,492151019,63
292496176,86771,78
298556562,109129,64
298556562,120255,59
298556562,126946,69
298556562,1294899063,71
298556562,1295186488,64
298556562,1296583188,85
298556562,1297743783,92
298556562,1304920094,71
298556562,1308818967,57
298556562,158452,52
298556562,205427,52
298556562,208970,54
298556562,209121,78
298556562,233892,57
298556562,255219,69
298556562,256093,59
298556562,25657350,66
298556562,26133940,52
298556562,27646409,52
298556562,27836035,59
298556562,28341498,66
298556562,287398,80
298556562,28793052,52
298556562,28793187,78
298556562,28819878,57
298556562,294224,59
298556562,317645,61
298556562,33991569,59
298556562,35625819,64
298556562,35625824,83
298556562,35625825,59
298556562,36308896,52
298556562,408814929,54
298556562,410181337,61
298556562,413740094,88
298556562,413740095,76
298556562,41657467,59
298556562,429809762,69
298556562,431794479,54
298556562,435288399,92
298556562,446627373,90
298556562,448428493,57
298556562,449818591,54
298556562,449818593,52
298556562,449824583,83
298556562,460042450,69
298556562,462602606,71
298556562,465920705,57
298556562,465921641,64
298556562,465921642,69
298556562,468517654,64
298556562,472117541,73
298556562,477933312,66
298556562,4872533,57
298556562,487688870,52
298556562,490163629,80
298556562,491065931,78
298556562,493345278,85
298556562,494240085,69
298556562,494942885,64
298556562,495811799,100
298556562,498205341,73
298556562,500412111,61
298556562,501467216,95
298556562,504686951,61
298556562,515803379,95
298556562,516657051,97
298556562,516766954,57
298556562,519913462,73
298556562,520459701,76
298556562,520464367,54
298556562,523046055,64
298556562,5231848,57
298556562,523251474,66
298556562,5256956,61
298556562,525975863,88
298556562,529668356,78
298556562,530986052,57
298556562,534542490,95
298556562,542690024,80
298556562,542690276,73
298556562,543987400,59
298556562,543987405,57
298556562,543988388,52
298556562,548648087,69
298556562,557583281,57
298556562,562594267,61
298556562,571068108,83
298556562,862907941,64
298835326,16139381,85
298835326,1823241,52
298835326,19278706,52
298835326,27731586,53
298835326,27939493,82
298835326,28405260,52
298835326,3026715,100
298835326,30854130,55
298835326,412493245,55
298835326,4160106,53
298835326,421870099,76
298835326,4271397,62
298835326,434974723,56
298835326,443967407,58
304912622,165176,98
304912622,26127162,70
304912622,26524510,51
304912622,28528327,77
304912622,29771185,100
304912622,29797698,54
304912622,30039638,63
304912622,316108,94
304912622,32977308,61
304912622,422104315,55
304912622,422427759,51
304912622,429348598,85
304912622,431080419,72
304912622,440241144,56
304912622,449818741,52
304912622,452601484,58
304912622,455540828,56
304912622,4874127,61
304912622,513360721,54
304912622,5330847,58
304912622,545590356,85
304912622,571338279,74
304912622,86360,63
304912622,86381,58
311966549,304901,81
311966549,304923,100
314794925,26528648,72
314794925,405343232,100
314794925,422428548,63
314794925,471291389,73
314794925,472169169,58
314794925,531051217,59
320804362,28191681,52
320804362,31445554,77
320804362,32785215,65
320804362,353066,84
320804362,410161446,65
320804362,410801653,63
320804362,417859631,56
320804362,426850348,70
320804362,426852063,84
320804362,439915614,56
320804362,446627373,56
320804362,461080452,100
320804362,461201353,77
320804362,461525011,61
320804362,480580003,65
320804362,489506275,61
320804362,505197835,81
320804362,864100018,52
330077571,109196,55
330077571,1294889112,53
330077571,186016,51
330077571,18680851,59
330077571,277302,77
330077571,27747330,65
330077571,27955653,51
330077571,28285910,95
330077571,28285912,59
330077571,28561288,57
330077571,29759733,57
330077571,308353,55
330077571,31445772,51
330077571,31473269,53
330077571,34923114,53
330077571,35403523,61
330077571,38576323,93
330077571,409650012,53
330077571,415792881,55
330077571,421423806,100
330077571,437292675,93
330077571,461080452,57
330077571,471385043,55
330077571,569214126,53
330077571,65528,51
330077571,65538,75
33124886,34916642,100
333306387,186016,100
333737975,130133,56
333737975,156374,60
333737975,186513,100
333737975,27867372,56
333737975,28267047,66
333737975,30635706,56
333737975,34248552,58
333737975,34923114,60
333737975,357234,56
333737975,38576323,68
334707337,407839677,100
335512444,40249713,52
335512444,41640165,73
335512444,472746454,100
337257444,513360721,100
338300072,118261,100
338300072,308353,51
338300072,381758,72
338300072,512359558,52
344249326,1297811542,66
344249326,202373,61
344249326,25867002,70
344249326,26217171,55
344249326,26508186,65
344249326,28935312,67
344249326,29567191,100
344249326,35476049,72
344249326,425724012,53
344249326,430793163,57
344249326,461080452,67
344249326,486188245,72
344249326,574566207,58
351191001,25906124,100
351191001,27646205,59
351191001,30431366,65
351191001,34380998,56
351191001,38576323,68
351191001,404465600,53
351191001,414706021,59
351191001,417596830,85
351191001,426027293,59
351191001,451991164,64
35438195,29357696,100
361343561,31134193,54
361343561,442493217,100
36193129,188878,64
36193129,276225,57
36193129,27630183,94
36193129,27999082,54
36193129,298258,84
36193129,30031509,57
36193129,316938,55
36193129,33085092,66
36193129,436487129,55
36193129,444548647,78
36193129,482395261,100
36193129,509472801,51
36193129,526464656,58
36193129,842136,55
365593424,28285910,100
365593424,29137871,67
365593424,33004552,70
365593424,40249612,62
365593424,421423806,56
365593424,448594038,57
365593424,4873540,78
365593424,492999659,66
365593424,509311810,63
366293776,32507038,70
366293776,436514312,88
366293776,483671599,100
366293776,511921360,70
366293776,516657051,63
366384848,29137872,67
366384848,413812815,54
366384848,481535277,100
366384848,494858498,67
372326852,1598610,87
372326852,19190576,75
372326852,236433,56
372326852,28196001,81
372326852,28737747,68
372326852,28798439,81
372326852,29482238,75
372326852,29753832,68
372326852,29759370,56
372326852,30031001,62
372326852,30089398,56
372326852,30431364,100
372326852,308353,62
372326852,31311126,56
372326852,32063039,68
372326852,34280241,100
372326852,37653063,75
372326852,413834864,56
372326852,416388799,100
372326852,416700932,56
372326852,423118336,68
372326852,424495852,68
372326852,437250607,56
372326852,438801442,62
372326852,444267928,62
372326852,447076308,56
372326852,450048262,68
372326852,454966092,68
372326852,461544986,87
372326852,474409276,62
372326852,474409281,100
372326852,480579323,87
372326852,487590055,62
372326852,488256319,68
372326852,490602335,68
372326852,490602750,68
372326852,491695528,81
372326852,5057580,75
372326852,523251118,56
372326852,524148450,75
372326852,5263236,81
372326852,532711049,62
372473721,18094989,60
372473721,18095057,100
372473721,202373,51
372473721,22781103,68
372473721,26508222,61
372473721,27646205,51
372473721,27725037,52
372473721,29567189,54
372473721,29567192,51
372473721,31445772,62
372473721,34200930,76
372473721,411314656,53
372473721,426881480,52
372473721,472944238,68
372473721,477251491,71
372473721,477796961,53
372473721,479403036,62
372473721,539835,54
372473721,539952,51
372473721,540014,58
374290909,1294924388,59
374290909,1295296356,55
374290909,1297333740,80
374290909,19292802,78
374290909,2068708,69
374290909,25729605,65
374290909,27733450,84
374290909,28188426,65
374290909,28461430,65
374290909,28475345,69
374290909,290720,63
374290909,29497924,63
374290909,35448725,53
374290909,36895537,94
374290909,38392808,67
374290909,409649818,69
374290909,409650851,57
374290909,427595456,51
374290909,427595461,57
374290909,427614368,53
374290909,438801642,63
374290909,447358749,51
374290909,454069654,67
374290909,454069664,51
374290909,476459716,80
374290909,484058390,92
374290909,491484150,53
374290909,494020513,76
374290909,509311681,51
374290909,509313700,59
374290909,5100462,53
374290909,521061695,59
374290909,526464244,53
374290909,533204535,55
374290909,534544348,71
374290909,536099160,55
374290909,542690024,57
374290909,542690276,78
374290909,543987405,55
374290909,543988388,59
374290909,548650088,69
374290909,548651095,53
374290909,550136151,55
374290909,550138132,59
374290909,551318903,100
374290909,568207996,57
374290909,86369,73
374290909,864490003,51
375195301,26562231,62
375195301,445153699,72
375195301,445153701,51
375195301,5093684,100
375195301,518076141,51
377570493,108390,51
377570493,118261,60
377570493,167888,52
377570493,27694145,100
377570493,27808044,65
377570493,28949843,88
377570493,29759733,72
377570493,29761121,57
377570493,31546888,58
377570493,32192436,64
377570493,32507038,61
377570493,414706021,73
377570493,417250587,57
377570493,418603077,89
377570493,461525011,53
377570493,509343394,55
377570493,514761281,59
377570493,516076896,53
377570493,536502758,77
377570493,554191055,72
377570493,65538,76
378457338,1294165084,77
378457338,1311319058,55
378457338,1317145419,55
378457338,1318571230,55
378457338,1320185104,77
378457338,186055,55
378457338,234252,66
378457338,238114,66
378457338,430208595,55
378457338,517890065,77
378457338,544266055,100
378457338,545590290,66
378457338,549664204,55
378457338,553813030,66
378457338,63650,55
384091454,16435049,60
384091454,186001,56
384091454,186055,52
384091454,255858,66
384091454,30431376,100
384091454,30814948,58
384091454,32507038,54
384091454,37196629,67
384091454,411988152,67
384091454,412319591,62
384091454,419596795,92
384091454,421423806,83
384091454,421423808,54
384091454,432506367,77
384091454,441491828,62
384091454,479598964,56
384978765,31445554,54
384978765,35331626,65
384978765,40147555,74
384978765,415793869,66
384978765,418990013,55
384978765,4195300,100
384978765,478706723,68
385203515,454966416,100
386263717,139774,53
386263717,167959,100
386263717,188649,84
386263717,27770445,54
386263717,28285910,54
386263717,29999506,75
386263717,38576323,61
386263717,424264505,53
386263717,441618486,72
386263717,450226742,65
386263717,460515000,82
386263717,468176711,52
386263717,474567580,70
386263717,479676655,52
386263717,482933652,93
386263717,507502138,93
386263717,508905789,56
386263717,516076896,52
386263717,5260494,77
386263717,542122399,100
386263717,548916965,59
386263717,85580,87
389135984,470795480,100
391214464,1293951677,94
391214464,1308818967,54
391214464,448917180,54
391214464,472141668,100
391214464,510707748,58
391214464,550136151,57
394248449,1293886117,59
394248449,133998,92
394248449,27678655,53
394248449,27731176,52
394248449,486323960,91
394248449,506092654,52
394248449,518686034,55
394248449,520459701,74
394248449,570334069,54
394248449,862129612,100
395387913,409325057,79
395387913,518894373,100
395387913,518896375,52
395387913,518904335,79
395387913,518904336,54
39973921,418603077,60
39973921,427142853,100
39973921,74877,53
39973921,812400,61
40136303,186488,95
40136303,26620819,56
40136303,298258,68
40136303,299092,98
40136303,32272267,100
40136303,32785700,52
40136303,412902075,61
412434585,25961289,100
420122145,25714352,53
420122145,27646196,55
420122145,31445772,56
420122145,404465600,96
420122145,463157222,57
420122145,464340076,90
420122145,494300869,60
420122145,514761281,70
420122145,534605064,100
420122145,94639,77
424884819,29759733,96
424884819,33544176,54
424884819,409647122,81
424884819,434070232,53
424884819,437387277,58
424884819,438904142,96
424884819,448317566,95
424884819,476323037,54
424884819,476659144,100
424884819,491943068,66
424884819,504017347,77
424884819,504924216,62
424884819,516076896,52
424884819,516571913,99
42594916,110167,63
42594916,1221015,57
42594916,1614303,59
42594916,16341550,51
42594916,16805463,62
42594916,1700331,56
42594916,17950509,80
42594916,18015961,58
42594916,18026619,55
42594916,18518778,60
42594916,18611656,58
42594916,192335,54
42594916,1933598,55
42594916,1934074,54
42594916,20703784,53
42594916,22502857,55
42594916,26145726,54
42594916,26343110,63
42594916,26508182,55
42594916,26508184,59
42594916,26508185,55
42594916,26508186,76
42594916,26508187,61
42594916,26508188,54
42594916,26508189,54
42594916,26508190,60
42594916,26508242,57
42594916,26522008,55
42594916,26522009,55
42594916,26522010,61
42594916,26522011,63
42594916,26522012,58
42594916,26522013,53
42594916,26522014,55
42594916,26679470,53
42594916,27529757,57
42594916,27562608,56
42594916,27566510,60
42594916,27588470,62
42594916,27591140,62
42594916,27754190,61
42594916,27756678,91
42594916,27759600,63
42594916,27785725,77
42594916,2788529,53
42594916,28068340,58
42594916,28133171,53
42594916,28341429,73
42594916,28381284,64
42594916,28445534,59
42594916,29734857,54
42594916,29734858,57
42594916,29774788,78
42594916,29777652,65
42594916,30394959,56
42594916,31517567,55
42594916,32069280,54
42594916,32272267,51
42594916,34200930,75
42594916,38358222,54
42594916,3986241,61
42594916,41602920,100
42594916,4332303,52
42594916,5414365,61
42594916,817803,96
427390346,116103,52
427390346,126443,76
427390346,135848,76
427390346,202373,52
427390346,25640596,58
427390346,258235,52
427390346,31445554,70
427390346,362076,76
427390346,394885,82
427390346,394888,70
427390346,394891,58
427390346,394894,64
427390346,394897,58
427390346,394900,70
427390346,394902,76
427390346,394906,52
427390346,394908,64
427390346,394909,58
427390346,394911,52
427390346,394912,52
427390346,394920,52
427390346,394922,70
427390346,418603077,70
427390346,436514312,100
427390346,439915614,52
427390346,557584888,52
427390346,66476,52
427390346,812400,94
42786288,168153,60
42786288,26508238,54
42786288,26830732,62
42786288,30967313,97
42786288,31192230,100
42786288,31445771,57
42786288,409647016,62
428643033,1345018,100
431950520,493911,100
435874113,441491828,100
441194476,26489051,51
441194476,28411051,58
441194476,29436067,57
441194476,37955047,67
441194476,409941449,53
441194476,440240234,59
441194476,440353010,80
441194476,442493536,60
441194476,465677131,57
441194476,478303470,75
441194476,485232943,58
441194476,490264177,62
441194476,505336,76
441194476,596887,62
441194476,806933,100
441846467,186005,85
441846467,22704402,67
441846467,22704426,100
441846467,28253156,55
443682105,541687281,100
44377713,1313052960,54
44377713,27552544,60
44377713,276294,58
44377713,27646196,65
44377713,27646205,71
44377713,28815250,54
44377713,28892408,53
44377713,29004400,60
44377713,35032655,100
44377713,448317748,58
44377713,525278524,54
444308942,1296183607,100
444308942,28219176,51
444308942,509865767,57
444308942,570454523,66
444308942,573921126,75
446062695,167876,56
446062695,202369,70
446062695,202373,74
446062695,247491,53
446062695,25706279,57
446062695,26600594,60
446062695,28699640,67
446062695,28796621,56
446062695,29004400,64
446062695,29800567,60
446062695,32507038,61
446062695,34383004,56
446062695,36024806,74
446062695,390345,66
446062695,407032014,52
446062695,431080419,54
446062695,434022356,81
446062695,435288399,73
446062695,436514312,64
446062695,440353010,67
446062695,440411424,52
446062695,445665094,74
446062695,445845230,70
446062695,451783286,60
446062695,452986458,69
446062695,461519272,71
446062695,469699266,56
446062695,474567580,66
446062695,474739467,56
446062695,482988834,57
446062695,483671599,83
446062695,488256319,78
446062695,494316276,69
446062695,507116696,56
446062695,5162502,56
446062695,518076124,61
446062695,523251118,100
446062695,523317122,69
446062695,526464145,69
446062695,529668356,59
446062695,531051217,70
446062695,535793433,87
446062695,536937651,60
446062695,553755659,57
446062695,557581476,61
446062695,570326067,87
446062695,574566207,57
446062695,88606,83
450147,29567189,64
450147,29567192,51
450147,31473269,83
450147,31967121,100
450147,417859076,60
450147,447925058,59
450147,447926063,62
450147,528272281,55
450147,93073,56
450527238,1308348956,55
450527238,1316394924,65
450527238,28850746,52
450527238,29759733,100
450527238,37955044,53
450527238,441491828,85
450527238,442314991,53
450527238,465673470,52
450527238,481535597,54
450527238,487379713,90
450771471,28285910,53
450771471,498040739,100
467238229,862099032,100
469088808,141664,60
469088808,16714264,54
469088808,18250864,52
469088808,184467,62
469088808,210287,90
469088808,217501,81
469088808,223898,57
469088808,224086,63
469088808,22707008,51
469088808,234252,62
469088808,26584453,87
469088808,27511754,80
469088808,27747330,68
469088808,27846862,60
469088808,27955652,58
469088808,28285910,83
469088808,28285912,57
469088808,28378127,58
469088808,28496172,60
469088808,28718300,68
469088808,2878157,57
469088808,28884460,52
469088808,28940429,78
469088808,29567100,58
469088808,29600637,84
469088808,30431364,68
469088808,30431366,54
469088808,306845,63
469088808,316486,76
469088808,32272267,63
469088808,32507039,68
469088808,32957014,78
469088808,33418786,64
469088808,35625821,55
469088808,35678877,76
469088808,38576323,75
469088808,38592976,58
469088808,402073803,55
469088808,405599469,63
469088808,405599470,72
469088808,409654891,92
469088808,410161194,64
469088808,410181337,70
469088808,411921579,68
469088808,416700932,65
469088808,418990013,62
469088808,422428548,64
469088808,427595456,100
469088808,427595458,51
469088808,437250607,55
469088808,437311664,83
469088808,442314991,54
469088808,442503502,74
469088808,444356086,72
469088808,448169592,82
469088808,450567505,70
469088808,452997043,63
469088808,453268268,62
469088808,456185577,75
469088808,459733581,56
469088808,462861482,55
469088808,463001843,65
469088808,463001961,80
469088808,463262369,61
469088808,464192560,52
469088808,464674405,62
469088808,468819635,71
469088808,472385776,95
469088808,474260449,68
469088808,474567044,69
469088808,474922552,72
469088808,475277345,55
469088808,475530855,51
469088808,476513774,57
469088808,479219330,58
469088808,479850552,69
469088808,479938144,67
469088808,481519556,72
469088808,483671599,83
469088808,504835560,64
469088808,513360721,55
469088808,514761125,52
469088808,571338083,57
469088808,572819430,54
469088808,574566207,72
469088808,584155,75
47073225,25867002,100
47073225,26353044,52
47073225,26494698,52
47073225,26508186,74
47073225,26508232,71
47073225,26508240,67
47073225,26508242,62
47073225,26522011,60
47073225,26523120,86
47073225,27646196,52
47073225,27646197,59
47073225,27646205,68
47073225,28381611,51
47073225,293649,56
47073225,29567192,51
47073225,29593805,54
47073225,29724295,66
47073225,31445772,73
47073225,350760,54
47073225,38576323,57
47073225,41640269,70
47073225,417596830,62
47073225,421423806,63
470969432,110805,54
470969432,187672,58
470969432,187908,54
470969432,187937,66
470969432,187947,54
470969432,187966,54
470969432,188071,58
470969432,188261,79
470969432,188429,66
470969432,188555,54
470969432,188647,100
470969432,188657,58
470969432,188671,62
470969432,188674,66
470969432,188703,70
470969432,188989,58
470969432,189012,54
470969432,189072,58
470969432,189313,62
470969432,189396,62
470969432,189714,54
470969432,189841,54
470969432,189873,54
470969432,189987,70
470969432,190270,83
470969432,190328,54
470969432,190360,62
470969432,190380,54
470969432,190449,70
470969432,190452,54
470969432,190473,62
470969432,190563,58
470969432,190807,54
470969432,190808,54
470969432,357272,62
470969432,357276,54
471567589,144083,100
471567589,146431,65
471567589,185709,72
471567589,189602,72
471567589,189688,64
471567589,189895,67
471567589,25986095,58
471567589,29932897,57
471567589,342343,53
471567589,364277,51
471567589,436514312,81
471567589,447926071,54
471567589,448393515,65
471567589,473742028,52
471567589,489506275,71
471567589,516076896,58
472144751,106212,55
472144751,109729,71
472144751,110452,84
472144751,1294899063,64
472144751,16494139,51
472144751,167876,54
472144751,16952919,52
472144751,186560,60
472144751,208902,74
472144751,21725950,51
472144751,247491,80
472144751,25642125,67
472144751,25642129,64
472144751,25718007,65
472144751,26092806,85
472144751,27808539,68
472144751,27867140,81
472144751,27896611,58
472144751,28219176,55
472144751,28242260,64
472144751,28643203,81
472144751,28793052,71
472144751,28793187,74
472144751,28815250,67
472144751,28864975,77
472144751,29133008,67
472144751,29567100,51
472144751,30089063,55
472144751,305051,52
472144751,307679,54
472144751,308353,58
472144751,329336,58
472144751,36103237,60
472144751,36199531,52
472144751,399552623,62
472144751,401589,51
472144751,405343398,67
472144751,405599469,65
472144751,406475394,60
472144751,412319476,60
472144751,412911436,58
472144751,413831989,62
472144751,418990013,51
472144751,421423808,62
472144751,421885447,57
472144751,428350226,51
472144751,436675656,58
472144751,442315372,57
472144751,443249,57
472144751,448707059,58
472144751,449818741,75
472144751,455653437,61
472144751,455979087,55
472144751,461347998,64
472144751,461846471,72
472144751,465920775,58
472144751,466370500,51
472144751,466794339,57
472144751,475581506,51
472144751,485960228,52
472144751,4875075,60
472144751,4875973,54
472144751,490483967,100
472144751,504017347,64
472144751,513360721,65
472144751,514761125,51
472144751,514761281,97
472144751,516076896,64
472144751,517565282,70
472144751,521606665,68
472144751,521780143,54
472144751,531295576,60
472144751,532166475,77
472144751,534542079,71
472144751,546722568,51
472144751,553755659,65
472144751,566442496,57
472144751,571338279,60
472144751,574566207,78
472144751,817880,64
472144751,819122,75
472144751,835642,61
472144751,86363,62
472144751,86369,77
472921368,1308120785,58
472921368,29759733,54
472921368,432464932,53
472921368,514761281,100
472921368,563282238,58
472921368,72394,54
476562436,102138,61
476562436,405597568,59
476562436,409654891,76
476562436,442314990,100
476562436,442314991,59
48318,543138663,100
489177756,26075648,67
489177756,27808295,63
489177756,27955656,75
489177756,27955658,100
489177756,31445772,79
492500441,416552313,51
492500441,453389329,56
492500441,514761281,100
492500441,529668356,53
492508549,108220,66
492508549,26508242,100
492508549,418603077,79
492508549,419254446,55
492508549,425065661,56
492508549,436514312,62
492508549,450055960,54
492508549,504685616,74
492508549,516076896,85
493550220,475199515,100
495677346,419374174,100
495887670,1294422856,100
495887670,233866,90
495887670,28977772,54
495887670,471374398,86
495887670,493663217,71
495887670,501221001,67
495887670,523251118,75
495887670,548648087,92
499107518,25657348,100
499107518,26609648,65
499107518,27676089,72
499107518,308353,60
499107518,32785700,56
499107518,33111884,69
499107518,438204707,71
499107518,446940017,58
499107518,452986458,55
499107518,461525011,84
499107518,468490577,58
499107518,483671599,60
499107518,490176137,56
503185260,167946,56
503185260,17559998,79
503185260,18621916,65
503185260,189895,56
503185260,21609169,56
503185260,21719491,63
503185260,2188846,61
503185260,21969945,88
503185260,26060066,52
503185260,27678535,65
503185260,27747329,63
503185260,27860423,61
503185260,28096758,52
503185260,28737747,93
503185260,28923455,54
503185260,29307041,54
503185260,29499638,65
503185260,29567189,54
503185260,29567192,70
503185260,29751208,72
503185260,29761121,77
503185260,29761124,81
503185260,31877581,65
503185260,32785515,59
503185260,3320821,70
503185260,34167148,100
503185260,3880720,56
503185260,394648,72
503185260,399346011,61
503185260,407761576,59
503185260,413812472,52
503185260,4153490,68
503185260,4153632,79
503185260,417250673,52
503185260,417911175,56
503185260,422094483,59
503185260,428591531,90
503185260,447076308,61
503185260,448749061,68
503185260,451768026,70
503185260,465921227,65
503185260,472141785,52
503185260,483671599,79
503185260,486069567,72
503185260,487502031,54
503185260,498331726,68
503185260,5218306,54
503185260,64706,77
503185260,65795,59
507504859,108224,58
507504859,1294910785,56
507504859,191560,62
507504859,233974,67
507504859,30987293,64
507504859,32102428,52
507504859,32192436,67
507504859,32507038,57
507504859,415792881,56
507504859,471385043,70
507504859,471780,100
507504859,546279760,97
507504859,556340421,53
507504859,557581967,54
507504859,557583281,64
507504859,569214126,53
507504859,573577351,56
507504859,574921549,63
537458314,458238990,100
537458314,502242110,60
537458314,551816010,56
538376867,1294910319,100
538376867,185815,52
538376867,34229234,62
538376867,526464656,75
538376867,574566207,52
538630845,445546453,100
543314957,462602606,100
543314957,501467216,59
552585735,139774,65
552585735,405599470,61
552585735,413831989,59
552585735,426027171,89
552585735,528271077,69
552585735,530537499,61
552585735,546730078,78
552585735,572042895,100
554178417,1315453387,100
554178417,2526625,95
554178417,446935665,74
554178417,455556558,69
554178417,571472531,58
554178417,574188883,64
554178417,574848757,58
554178417,862634977,54
55873546,16411247,57
55873546,16468497,72
55873546,18354112,52
55873546,29199541,53
55873546,30431376,82
55873546,31445772,63
55873546,5400121,100
578848892,30569208,100
57922610,25731320,57
57922610,25867002,53
57922610,26427662,67
57922610,29572804,56
57922610,29715556,93
57922610,344157,53
57922610,34509586,57
57922610,35403523,89
57922610,38576323,100
57922610,438462712,64
57922610,438462713,60
57922610,439121267,60
58724836,133998,73
58724836,155753,51
58724836,167799,56
58724836,167965,79
58724836,202369,51
58724836,20752228,63
58724836,21162695,92
58724836,21162697,93
58724836,21162705,99
58724836,21162706,100
58724836,21162779,67
58724836,22605222,72
58724836,26508232,68
58724836,26522011,59
58724836,26523120,59
58724836,27510434,61
58724836,27538254,51
58724836,27853227,56
58724836,28256497,57
58724836,28310687,69
58724836,28403111,67
58724836,28940048,81
58724836,29129924,53
58724836,29378547,52
58724836,29535690,54
58724836,29567192,53
58724836,29572804,51
58724836,29710981,84
58724836,29724292,57
58724836,29724295,76
58724836,29764561,64
58724836,29764563,67
58724836,29764564,53
58724836,29764565,52
58724836,30841628,54
58724836,32272745,53
58724836,357086,51
58724836,380593,67
58724836,381825,68
58724836,386844,67
58724836,407002483,73
58724836,418709000,53
58724836,422463810,58
58724836,426852503,60
58724836,430793526,58
58724836,436346833,90
58724836,436514312,58
58724836,441491828,75
58724836,442867218,58
58724836,442869203,67
58724836,472137696,84
58724836,5039510,68
58724836,534542059,52
58724836,85571,63
58724836,85578,69
5877154,26508186,55
5877154,28302912,51
5877154,28854966,100
5877154,5412038,77
5877154,67411,62
593503550,1293904594,60
593503550,1293904595,53
593503550,550136151,57
593503550,550138132,67
593503550,557579695,67
593503550,557584724,53
593503550,573583409,96
593503550,573583410,100
604309271,123268,100
604309271,518894283,54
6070856,17195082,100
6070856,26334159,53
609780731,441491828,100
609780731,455543886,52
609780731,512754251,61
613729595,25657348,52
613729595,25884683,53
613729595,28403111,51
613729595,29759733,85
613729595,316100,56
613729595,391564,53
613729595,442503228,53
613729595,461525011,53
613729595,473440527,54
613729595,478303470,94
613729595,496370620,82
613729595,513360721,54
613729595,529668356,56
613729595,562594267,63
613729595,573131630,100
62026571,163347,53
62026571,172886,54
62026571,189186,58
62026571,190270,53
62026571,205342,73
62026571,22854152,63
62026571,25714101,62
62026571,26609650,51
62026571,27538374,81
62026571,27808044,54
62026571,28029509,100
62026571,28095355,53
62026571,28773523,88
62026571,28815250,63
62026571,346073,51
62026571,346089,63
62026571,347591,62
62026571,347597,55
62026571,352896,59
62026571,354588,59
62026571,354603,53
62026571,36587407,60
62026571,404784564,60
62026571,437859519,53
62026571,4878117,51
62026571,5256956,53
62026571,64886,69
62026571,86279,70
635122550,454069168,57
635122550,474922552,66
635122550,523251118,100
6718578,448317748,100
6718578,546279760,61
69195849,395161,100
72420097,254359,100
72420097,27808044,56
72420097,413812448,51
74947565,27510434,52
74947565,27646196,52
74947565,27646205,54
74947565,28288505,89
74947565,28310921,51
74947565,31445772,54
74947565,38576323,60
74947565,400161581,59
74947565,406737702,59
74947565,41640165,100
7629556,1478661,61
7629556,18161816,76
7629556,186001,52
7629556,186536,77
7629556,186699,97
7629556,187341,100
7629556,188204,89
7629556,18836965,77
7629556,188639,84
7629556,22450237,87
7629556,28872624,72
7629556,32192034,53
7629556,33162226,55
7629556,357312,78
7629556,4102682,56
7629556,5111059,75
78622341,1807794,53
78622341,213737,100
78622341,22778415,71
78622341,22814470,60
78622341,24953436,84
78622341,25729605,51
78622341,33471531,67
78622341,421423806,57
78622341,470795480,80
79922180,168153,53
79922180,28660513,100
79922180,521418512,69
80378464,16343561,64
80378464,168232,61
80378464,17449123,84
80378464,18094989,80
80378464,18127640,95
80378464,26289183,68
80378464,27588470,53
80378464,28291058,73
80378464,381821,70
80378464,4237803,64
80378464,4263218,100
81365668,1206866,52
81365668,19264098,63
81365668,21700384,64
81365668,28561288,64
81365668,409931491,57
81365668,462213892,96
81365668,473964449,54
81365668,475264163,93
81365668,523560,100
81365668,525278524,60
81365668,5398861,55
81365668,569200211,75
8981012,29759733,53
8981012,371268,64
8981012,409872132,62
8981012,415786182,53
8981012,4341314,100
8981012,479979440,52
8981012,5235179,61
92160719,16426514,62
92160719,208889,58
92160719,26243686,100
92160719,26300126,56
92160719,27646196,58
92160719,27646786,95
92160719,27747330,91
92160719,29431066,58
92160719,29979822,70
92160719,31445772,97
92160719,38576323,79
92160719,3880230,52
92160719,41637005,72
92160719,421203948,79
92160719,421423768,66
92160719,421563655,60
92160719,423118677,64
92160719,423227056,64
92160719,424057091,72
92160719,424060080,70
92160719,425280814,52
92160719,93562,54
92263996,191668,100
92263996,30352891,77
92263996,407679465,67
92263996,410801515,52
92263996,412902738,67
92263996,427595456,74
92263996,442589023,85
92263996,4875075,59
9425297,27588022,100
9425297,31877245,63
9425297,31877484,76
9425297,394618,77
9425297,400161588,56
94432949,153784,54
94432949,176053,52
94432949,202342,78
94432949,202371,66
94432949,25788001,83
94432949,25867002,59
94432949,26145664,86
94432949,26427666,81
94432949,27646205,51
94432949,28546507,64
94432949,29593805,59
94432949,29722263,54
94432949,299650,78
94432949,300063,55
94432949,31445554,71
94432949,32341765,57
94432949,38576323,81
94432949,410801653,58
94432949,430787375,57
94432949,436514312,96
94432949,447925058,52
94432949,447925066,63
94432949,447926063,93
94432949,447926067,95
94432949,448316716,70
94432949,459720276,56
94432949,461080452,64
94432949,513360721,73
94432949,569214126,57
94432949,66895,100
94432949,88606,68
97556323,233866,53
97556323,25638058,100
97556323,25794009,60
97556323,32977306,93
97556323,36496726,51
97556323,36703133,60
97556323,368800,57
97556323,38576001,51
97556323,411213090,53
97556323,416700587,55
97556323,417613853,60
97556323,494865914,53
97556323,499222442,51
98030,326738,100
98030,357253,55
98030,357256,53
98030,357265,51
98030,357267,51
98030,357269,51
9995561,167595,52
9995561,28606305,53
9995561,482395261,100
33124886,23915708,65
