100008760,34743154,100
100050710,1305504315,100
100050710,17285340,63
100050710,298258,77
100050710,40729854,70
100052780,17734910,100
100052780,28283137,89
100052780,28668205,52
100052780,28837233,51
100052780,29734857,81
100052780,30967498,66
100052780,3935191,57
100052780,4153184,68
100052780,506092035,54
100316105,461347998,100
100422099,25795016,100
100422099,27591655,64
100422099,276936,57
100422099,277382,57
100422099,452986458,57
100422099,461525011,57
100422099,557581284,57
100468692,28692519,73
100468692,30089235,52
100468692,31090820,100
100468692,442869386,76
100468692,448157845,56
100468692,461508101,60
100468692,472361096,77
100468692,477933952,63
100468692,483061711,55
100871636,515223584,51
100871636,519367047,100
101397327,1436092,100
101397327,18057484,64
101397327,25727803,58
101397327,514761281,51
101454403,33035611,54
101454403,95447,100
101794838,108543,80
101794838,1297941,51
101794838,185878,51
101794838,185904,60
101794838,19945726,51
101794838,21311954,51
101794838,21311956,79
101794838,21311960,52
101794838,21312231,60
101794838,21312234,67
101794838,21312295,75
101794838,26905726,65
101794838,28306929,51
101794838,28739617,52
101794838,28996325,84
101794838,29307041,59
101794838,3038482,64
101794838,31053372,55
101794838,31594436,55
101794838,31649810,100
101794838,31967227,51
101794838,33296950,73
101794838,34229976,63
101794838,34324030,64
101794838,409326713,78
101794838,4208408,55
101794838,4208437,76
101794838,4209139,61
101794838,4209157,56
101794838,4209185,60
101794838,4209874,62
101794838,435592093,52
101794838,452613551,62
101794838,463049020,61
101794838,480769582,95
101794838,505474379,62
101880055,425137053,100
101902193,28186082,54
101902193,33715027,62
101902193,338870,83
101902193,418603698,100
102059980,21865897,60
102059980,28182126,100
102167205,16948912,58
102167205,1880385,54
102167205,31081150,57
102167205,35447858,70
102167205,36703310,100
102167205,88926,72
102283310,16935315,51
102283310,1774198,51
102283310,18127640,80
102283310,24269596,55
102283310,26436337,98
102283310,34690478,100
102283310,36990266,67
102283310,3950546,82
102283310,409649183,62
102286660,28249453,68
102286660,33937527,64
102286660,408332523,54
102286660,438456641,100
102757565,114037,65
102757565,120157,55
102757565,1391939,62
102757565,165615,53
102757565,22566555,60
102757565,25684347,81
102757565,26250196,59
102757565,26349639,54
102757565,26372311,58
102757565,26537229,54
102757565,26620762,51
102757565,27488744,51
102757565,27929366,63
102757565,27982828,58
102757565,28258466,64
102757565,28283324,51
102757565,28315918,59
102757565,28362057,54
102757565,28586064,81
102757565,28613576,60
102757565,28680438,89
102757565,28692519,59
102757565,28718009,68
102757565,28830410,64
102757565,29122458,53
102757565,29561459,53
102757565,29715842,68
102757565,29728186,56
102757565,29732234,62
102757565,29789680,72
102757565,29818221,67
102757565,30212890,67
102757565,30373260,54
102757565,30394891,98
102757565,30621015,51
102757565,30706937,69
102757565,30854805,75
102757565,31090099,82
102757565,31165167,91
102757565,31311107,59
102757565,31421001,72
102757565,31460196,54
102757565,31529852,69
102757565,32069280,56
102757565,32337668,98
102757565,32526633,67
102757565,32639368,65
102757565,33085092,93
102757565,33085094,54
102757565,33252074,100
102757565,33389122,58
102757565,33419765,55
102757565,33522489,72
102757565,33728982,67
102757565,33984087,54
102757565,34057417,55
102757565,34144434,62
102757565,34152500,91
102757565,34152563,54
102757565,34200508,53
102757565,34280028,54
102757565,34324640,60
102757565,34532951,79
102757565,34578150,70
102757565,34578162,65
102757565,34834971,55
102757565,35288980,53
102757565,35416294,62
102757565,35447679,64
102757565,36668673,59
102757565,36668810,89
102757565,37240641,82
102757565,38391536,58
102757565,39224519,75
102757565,399341408,75
102757565,403136279,56
102757565,403710388,56
102757565,405343998,65
102757565,406072193,65
102757565,407889392,60
102757565,409647737,83
102757565,410518552,54
102757565,412785957,77
102757565,413074052,83
102757565,414003483,82
102757565,4171828,63
102757565,418602088,78
102757565,420069116,65
102757565,422427633,55
102757565,431610014,86
102757565,439122515,53
102757565,444269135,53
102757565,461811935,62
102757565,467595255,51
102757565,471761315,60
102757565,472361096,56
102757565,5242683,59
102757565,68331,58
103002214,472685705,100
103315297,27795934,100
103315297,29979829,77
103315297,31108532,61
103315297,32803111,72
103315297,33516495,54
103315297,3986017,54
103315297,439665755,55
103315297,722013,58
103315297,820340,56
103325480,139774,52
103325480,22844535,56
103325480,25702068,56
103325480,25726212,98
103325480,26159000,98
103325480,26625301,59
103325480,27644359,52
103325480,27646199,61
103325480,27646205,60
103325480,27903692,51
103325480,27955653,60
103325480,28053533,58
103325480,28658513,56
103325480,28830412,77
103325480,29431066,56
103325480,29567192,59
103325480,29593799,52
103325480,29715557,51
103325480,29819578,56
103325480,29823209,59
103325480,29947420,84
103325480,3025353,97
103325480,30780431,92
103325480,30854966,52
103325480,32192436,85
103325480,32507038,53
103325480,35528482,57
103325480,36190563,53
103325480,36308916,56
103325480,36990266,53
103325480,38391781,56
103325480,3929018,53
103325480,3935139,54
103325480,402073807,61
103325480,404182479,51
103325480,406238,59
103325480,409654891,71
103325480,412902950,60
103325480,421137682,62
103325480,439665830,54
103325480,452986458,52
103325480,465921482,75
103325480,489953640,84
103325480,523251118,88
103325480,5264842,61
103325480,539603870,100
103325480,569214126,56
103650758,28348625,100
103650758,29535887,89
103650758,32069280,85
103650758,403012582,65
103650758,857896,67
103681724,26472986,51
103681724,26505751,65
103681724,28875283,89
103681724,29307037,100
103681724,29498732,70
103681724,30830919,54
103681724,32046098,52
103681724,32574125,61
103681724,5254897,87
103681724,5254905,67
103681724,72408,82
104136955,21563004,75
104136955,25791607,56
104136955,26544456,52
104136955,28381276,76
104136955,29947420,100
104136955,30064263,65
104136955,32431845,68
104136955,32639078,51
104136955,33378153,80
104136955,34248685,54
104136955,36587407,56
104136955,36990266,63
104136955,421563251,54
104136955,440353010,83
104136955,441116579,69
104136955,444269135,51
104136955,477933011,66
104579411,27515086,53
104579411,28830410,52
104579411,30854873,100
104579411,32640057,65
104579411,32785269,54
104579411,33522489,61
104579411,426850334,54
104579411,431096260,64
104579411,436514312,52
104579411,440353010,68
104579411,444524555,51
104579411,450455548,98
104579411,460473436,55
104601279,101903,54
104601279,18861484,88
104601279,26484066,79
104601279,26561948,71
104601279,28361997,97
104601279,28457786,60
104601279,29544794,52
104601279,31311695,65
104601279,32451978,88
104601279,33035611,54
104601279,33343594,55
104601279,34690580,100
104601279,35448742,83
104601279,35847388,57
104601279,406238,54
104601279,4346205,60
104601279,439122349,61
104601279,4878282,56
105679154,18861490,69
105679154,26268890,74
105679154,26389092,65
105679154,26565006,87
105679154,27644359,70
105679154,27890604,74
105679154,27971944,63
105679154,28612883,87
105679154,28687116,52
105679154,28875283,89
105679154,28941416,56
105679154,29498727,56
105679154,29600204,83
105679154,29797507,58
105679154,30031726,65
105679154,31081097,52
105679154,31356499,60
105679154,32752238,63
105679154,32807104,80
105679154,33404792,100
105679154,34040716,52
105679154,34228719,63
105679154,34766078,63
105679154,34766618,56
105679154,35539137,67
105679154,36492744,70
105679154,401249910,74
105679154,403710598,69
105679154,403711113,61
105679154,404784244,76
105679154,407699625,56
105679154,407927752,58
105679154,408332721,58
105679154,409020985,74
105679154,418602088,81
105679154,5067882,58
105679154,5098468,61
105679154,513791211,54
106812551,101218,52
106812551,18137545,96
106812551,209635,66
106812551,235092,68
106812551,277325,81
106812551,27937424,65
106812551,28029093,55
106812551,287019,73
106812551,30854130,100
106812551,382380,72
106812551,394672,55
106812551,406346135,56
106812551,409941200,75
106812551,411314681,51
106812551,411988502,54
106812551,518094151,62
107203318,192384,97
107203318,28477891,59
107203318,29797698,52
107203318,30621987,69
107203318,381433,76
107203318,39224585,61
107203318,411314542,54
107203318,440353010,65
107203318,444269135,100
107203318,458439871,84
107203318,467394172,71
107203318,505449407,54
107203318,515143305,54
107203318,536096105,96
107203318,553755659,62
108139541,17867237,65
108139541,22811849,56
108139541,26193501,59
108139541,26334149,53
108139541,27671098,55
108139541,29011341,86
108139541,29357695,67
108139541,29535672,67
108139541,29808907,80
108139541,31066775,98
108139541,31514142,58
108139541,33340727,53
108139541,33937527,100
108139541,399340175,52
108139541,411907897,66
108139541,412175364,51
108139541,418602088,64
108139541,5052655,55
108139541,5067882,55
108139541,5067896,64
108650122,28661564,76
108650122,31514328,57
108650122,386844,57
108650122,4152989,68
108650122,417859631,54
108650122,419374177,93
108650122,420401584,72
108650122,440208476,91
108650122,458496083,54
108650122,461347998,57
108650122,476598254,59
108650122,516785665,100
108650122,574921549,62
108720195,21606441,55
108720195,26277428,54
108720195,27770734,59
108720195,27888500,53
108720195,28100524,54
108720195,28315888,53
108720195,28695690,59
108720195,29129632,56
108720195,29807644,52
108720195,30432162,54
108720195,30512048,51
108720195,32719326,55
108720195,33054081,51
108720195,33544140,69
108720195,33916256,70
108720195,34341119,89
108720195,34497095,64
108720195,34880987,52
108720195,35539137,87
108720195,36496716,72
108720195,36664743,53
108720195,39436970,68
108720195,399343762,51
108720195,404784332,61
108720195,408332879,100
108720195,409326713,68
108720195,410802720,60
108720195,416011655,52
108720195,418602088,57
108720195,419116033,57
108720195,419254691,63
108720195,420922944,61
108720195,423227344,89
108720195,435592093,52
108720195,438466073,51
108720195,445845868,54
108720195,447279902,51
108720195,451521612,65
108720195,461518526,68
108720195,467595255,71
108720195,475264015,56
108720195,476323571,62
108720195,498577487,63
108768228,31356493,63
108768228,512929834,56
108768228,550124137,100
109862591,32683236,100
110305889,27713920,71
110305889,27853227,96
110305889,28283079,60
110305889,29463404,59
110305889,30987920,75
110305889,32187060,65
110305889,33035837,54
110305889,35040298,98
110305889,35090542,79
110305889,35090543,93
110305889,35090545,65
110305889,35090546,100
110305889,429450139,51
110305889,443875558,77
110305889,496869523,81
110305889,503323555,62
110305889,552458227,63
110358192,27795934,68
110358192,29750751,100
110929487,186016,61
110929487,27982828,62
110929487,28018261,51
110929487,28018262,54
110929487,28018264,70
110929487,28285910,51
110929487,28830410,65
110929487,28830412,68
110929487,29534449,58
110929487,29722263,58
110929487,29947420,63
110929487,31311107,56
110929487,32922450,54
110929487,34144434,62
110929487,35090479,51
110929487,36117196,80
110929487,36990266,69
110929487,3932159,100
110929487,400161904,58
110929487,409649817,59
110929487,413961906,52
110929487,415792222,65
110929487,416385506,52
110929487,416966487,82
110929487,418602088,70
110929487,438431402,54
110929487,459733605,62
110944836,26418808,100
110944836,28208046,53
110944836,30953104,68
110944836,31134487,81
110944836,32465816,52
110944836,34033742,51
110944836,34229234,52
110944836,34998386,57
110944836,409302163,52
110944836,418602088,52
110944836,461347998,53
111248836,29137871,72
111248836,29774609,53
111248836,30064175,55
111248836,32019002,79
111248836,33937527,56
111248836,407002546,100
111248836,515947224,52
111627807,1806825,100
111627807,27644359,52
111627807,28830410,63
111627807,30064275,60
111627807,30621620,96
111627807,33785139,54
111627807,33933137,62
111627807,34516116,60
111627807,400161905,79
111627807,4341314,68
111630016,101705,54
111630016,17939827,51
111630016,229285,54
111630016,25702070,53
111630016,26322055,64
111630016,26396206,53
111630016,27588470,64
111630016,27646205,59
111630016,27747330,51
111630016,28391946,74
111630016,29816800,51
111630016,31445772,80
111630016,31654343,100
111630016,35403523,54
111630016,36308916,54
111630016,36895537,51
111630016,409650851,64
111630016,418603077,98
111630016,431357712,53
111630016,432509483,75
111630016,4341314,59
111630016,436487129,53
111630016,436514312,53
111630016,443205512,53
111630016,447916006,51
111630016,451703096,59
111630016,452601484,59
111630016,463973320,56
111630016,501220618,56
111630016,5179544,59
111630016,574566207,53
111987044,1923483,53
111987044,30474763,100
111987044,30830713,89
111987044,407002546,57
112827918,20744787,80
112827918,28762026,51
112827918,40157211,59
112827918,419594258,76
112827918,447925558,69
112827918,454595737,54
112827918,469243036,100
112827918,506092035,58
113232325,399552364,52
113232325,445666472,100
113232325,447281300,56
113232325,454438258,53
113232325,469243036,64
113232325,488647539,54
113232325,489997107,52
113232325,496870581,56
113232325,503855577,53
113266774,1461836,51
113266774,19542337,68
113266774,30841076,100
113266774,31260288,54
113266774,31654455,99
113266774,33891252,63
113266774,34380473,56
113266774,371362,56
113541608,1220202,56
113541608,17625647,52
113541608,18284330,73
113541608,186048,59
113541608,187672,57
113541608,25986099,57
113541608,26406385,84
113541608,27646851,52
113541608,287524,54
113541608,28796621,59
113541608,28859946,59
113541608,28864241,75
113541608,28892408,80
113541608,28923579,73
113541608,29019227,70
113541608,29023562,57
113541608,29572501,52
113541608,29787426,70
113541608,30064351,52
113541608,30798342,66
113541608,35513027,64
113541608,36199053,89
113541608,408332757,82
113541608,415792916,52
113541608,4164317,52
113541608,417247652,57
113541608,440411424,61
113541608,447925544,82
113541608,473602861,68
113541608,475277345,66
113541608,4873697,56
113541608,5051245,100
113541608,5065581,64
113541608,5099470,64
113541608,5137277,56
113541608,95670,56
113955976,3204382,100
113958469,16629774,55
113958469,22673504,54
113958469,22833464,51
113958469,22833488,54
113958469,22833493,55
113958469,26549682,56
113958469,27676680,53
113958469,27694132,51
113958469,28029473,57
113958469,28613221,53
113958469,29750100,52
113958469,31789317,52
113958469,32408002,60
113958469,32922451,54
113958469,33715026,52
113958469,445845685,75
113958469,94639,100
113959942,176066,64
113959942,22835115,82
113959942,27804029,62
113959942,29947420,66
113959942,30064263,51
113959942,30780452,51
113959942,31473269,85
113959942,32337953,62
113959942,33162226,59
113959942,343502,100
113959942,34773085,57
113959942,350760,64
113959942,36990266,70
113959942,440353010,82
113959942,474567580,63
113959942,502462452,61
113959942,515143305,83
114345566,30612754,52
114345566,418602088,82
114345566,423849541,62
114345566,441622454,100
114345566,479408220,54
114345566,506092035,67
114345566,525239115,63
114366156,29759733,75
114366156,33516495,100
114366156,36895537,100
114389699,1285549,53
114389699,22751504,51
114389699,26390073,55
114389699,26544456,54
114389699,27583305,52
114389699,27598020,51
114389699,28546588,77
114389699,28577876,57
114389699,28941716,60
114389699,29444039,74
114389699,29482945,52
114389699,29803676,78
114389699,29829061,57
114389699,30830853,81
114389699,30841076,51
114389699,30903862,51
114389699,31654490,52
114389699,31830623,52
114389699,32166656,55
114389699,32174082,86
114389699,32719959,67
114389699,33004076,63
114389699,33085138,63
114389699,33599673,52
114389699,33937527,59
114389699,34722412,86
114389699,399340227,52
114389699,40257094,56
114389699,408532862,100
114389699,409060394,57
114389699,411314287,80
114389699,413829739,77
114389699,416552507,53
114389699,416552509,84
114389699,418602088,65
114416024,28563317,69
114416024,32507038,100
114416024,33391817,59
114416024,407677659,56
114416024,412175048,75
114416024,536502758,83
114618921,506585318,84
114618921,534542189,69
114618921,555395231,100
114618921,571813759,58
115609432,27591656,51
115609432,27591659,97
115609432,28411718,55
115609432,4341314,100
115609432,445702397,57
115609432,474099732,55
115991230,26101849,75
115991230,26124988,60
115991230,28457399,55
115991230,28665224,53
115991230,28921656,65
115991230,29534449,85
115991230,29922945,91
115991230,36990266,92
115991230,38392208,100
115991230,411907897,57
115991230,412902689,80
115991230,450455548,51
115991230,459151282,85
115991230,766287,58
116265879,1321696,53
116265879,171121,69
116265879,17263308,51
116265879,25707139,60
116265879,25795005,68
116265879,26349679,53
116265879,27807062,55
116265879,27946952,55
116265879,30394891,52
116265879,33035611,56
116265879,33735528,74
116265879,35031053,53
116265879,35739047,60
116265879,36019451,71
116265879,36897628,55
116265879,420478454,62
116265879,425137084,51
116265879,431853270,57
116265879,431855270,100
116265879,464373943,54
116265879,469699615,77
116265879,515406112,51
116290326,21157332,61
116290326,25718007,58
116290326,27506983,56
116290326,29747816,53
116290326,29774729,52
116290326,31654455,87
116290326,33872554,66
116290326,416892296,100
116290326,440353010,90
116290326,461864856,59
116290326,92012,62
116290979,85562,100
116666525,25727803,89
116666525,29814898,100
116693248,184557,51
116693248,2639557,56
116693248,26544456,54
116693248,27506597,51
116693248,27556211,83
116693248,27759600,53
116693248,28481105,51
116693248,28613680,51
116693248,28987626,64
116693248,30284319,51
116693248,30352891,75
116693248,31877157,54
116693248,34923851,53
116693248,36492196,56
116693248,401723037,55
116693248,407450223,79
116693248,407677659,67
116693248,410161216,51
116693248,419374177,58
116693248,460578140,100
116693248,471327844,60
116693248,471613490,51
116693248,521484684,74
116693248,540968,63
116704138,29747996,93
116704138,31245090,55
116704138,33035611,58
116704138,33544176,51
116704138,36492599,100
116736005,27946894,100
116736005,461347998,76
116736005,513791211,89
116985238,22673445,55
116985238,28315933,63
116985238,28668855,57
116985238,30352891,100
116985238,33035611,73
116985238,33761354,57
116985238,35847037,53
116985238,400689498,52
116985238,41500546,56
116985238,492144777,89
116985238,513791211,70
117000468,1297841,97
117000468,30953009,52
117000468,32507038,52
117000468,37095960,100
117000468,407677659,53
117000468,437290403,58
117000468,476254419,51
117000468,477823086,67
117000468,480725948,83
117018949,28283137,100
117239946,101932,52
117239946,144998,77
117239946,18162819,100
117239946,18524172,63
117239946,19059807,56
117239946,20065049,61
117239946,20953761,64
117239946,22676167,56
117239946,33922415,76
117239946,33922431,66
117239946,33922453,76
117239946,33922466,86
117239946,3992767,53
117239946,4132379,72
117239946,415593530,60
117239946,421934557,74
117239946,438466161,60
117239946,440240192,71
117239946,450270047,52
117239946,454323738,52
117239946,477188128,59
117239946,480106463,56
117239946,507765033,72
117318863,28815250,100
117318863,36990266,75
117318863,431610389,63
117356124,26377651,100
117356124,29544814,70
117356124,30064291,55
117356124,30706266,67
117356124,37853901,71
117356124,4940455,66
117360204,229198,100
117360204,27795934,60
117360204,30987293,58
117360204,440353277,52
117360204,514761281,55
117360204,526464293,58
117360204,573583328,73
117597321,22705492,62
117597321,33682872,53
117597321,34578090,72
117597321,404784667,53
117597321,415853154,60
117597321,41629793,53
117597321,41654827,100
117597321,431794332,57
117597321,499666208,76
117597321,508643887,75
117597321,517928571,93
117597321,529316794,61
117597321,805197,51
117890183,26199445,55
117890183,26301139,76
117890183,27490243,62
117890183,27646205,53
117890183,32785401,63
117890183,34228369,100
117890183,438466268,71
117890183,449818962,65
117916247,102138,58
117916247,21965211,54
117916247,2417029,67
117916247,26199445,53
117916247,27965255,72
117916247,29019227,54
117916247,29307038,52
117916247,29534449,68
117916247,29550217,55
117916247,29947420,53
117916247,31546888,52
117916247,32358691,63
117916247,33418570,68
117916247,4172700,56
117916247,421160838,56
117916247,423228325,82
117916247,425280053,60
117916247,451169473,74
117916247,454129387,52
117916247,461811716,100
117916247,465920905,65
117916247,480580003,68
117916247,485355004,65
117916247,498710786,77
117916247,534540498,69
117916247,536624791,67
117916247,543987393,51
117916247,543987394,56
117920078,1934649,86
117920078,202369,77
117920078,28613217,80
117920078,33035611,82
117920078,33937011,61
117920078,401249910,58
117920078,410801653,100
117920078,421423756,65
117920078,428375741,61
117920078,445665023,65
117920078,445845796,53
117920078,506092035,90
117920078,5366190,56
117920078,557581967,54
117924374,26355369,71
117924374,28481969,75
117924374,28497138,61
117924374,28497145,55
117924374,29498114,100
117924374,29764406,89
117924374,33504179,95
117924374,407839677,61
117924374,424264023,69
117924374,457800857,58
117924374,505449407,98
118332074,22765993,58
118332074,29379953,68
118332074,29747649,86
118332074,29759408,51
118332074,30352322,61
118332074,30854833,56
118332074,31830308,75
118332074,33340727,68
118332074,33668273,96
118332074,34578166,66
118332074,35314106,100
118332074,36024380,51
118332074,36492599,88
118332074,403012527,83
118332074,405987145,51
118332074,412175362,96
118332074,422104937,80
118332074,444267496,55
118332074,456175257,70
118358017,30780496,54
118358017,30987781,51
118358017,33314339,54
118358017,34586317,61
118358017,403710493,58
118358017,428350534,58
118358017,428599182,58
118358017,5410826,100
118836197,17753277,100
118836197,27846868,58
118836197,34586719,52
118836197,34613621,90
121376650,4341314,92
121376650,443895,100
124196736,19556587,100
124196736,20789751,76
124196736,21406506,65
124196736,22642247,72
124196736,22737627,83
124196736,22817139,51
124196736,26239032,54
124196736,26319684,56
124196736,26625677,57
124196736,27566958,53
124196736,27713920,64
124196736,28442575,67
124196736,28468972,52
124196736,29771146,58
124196736,30482372,55
124196736,32196550,59
124196736,32548920,59
124196736,408332864,76
124196736,558173,67
124196736,820523,84
127179166,28692519,93
127179166,36080205,100
127924370,27942411,100
127924370,28240357,52
127924370,518076110,52
128395433,31245564,57
128395433,437608212,100
1290728153,26124544,58
1290728153,29753702,100
1290728153,529316794,58
129074068,1306887189,55
129074068,29032133,54
129074068,32019002,72
129074068,440208476,67
129074068,442605011,64
129074068,447041213,60
129074068,464373943,54
129074068,483891347,54
129074068,541670143,56
129074068,545084839,60
129074068,545088432,100
1295836263,507815173,100
130116471,16345143,83
130116471,16388301,52
130116471,27713920,69
130116471,28310479,58
130116471,28310480,64
130116471,29460357,62
130116471,29771146,84
130116471,35090544,100
130116471,487375361,53
130116471,489110016,54
130116471,491294233,80
130116471,496869519,66
130116471,496869520,60
130116471,496869524,52
130116471,496869525,97
130116471,503323555,58
1302793462,440208476,52
1302793462,474667755,100
130575034,18284715,55
130575034,26544456,55
130575034,27969800,52
130575034,28283079,74
130575034,29819578,65
130575034,32807699,61
130575034,34045116,83
130575034,34478647,62
130575034,36990266,100
130575034,3932159,84
130575034,402070690,64
130575034,418602088,51
130575034,426291338,73
130575034,438801418,59
130575034,440353010,65
1306359765,1698391,75
1306359765,22488189,100
1306359765,27946796,75
1306359765,3986241,100
1306359765,404276447,100
1306359765,505449407,75
1306359765,531842654,100
1306359765,536622304,75
1306359765,863046037,100
131300929,29564556,61
131300929,29732659,57
131300929,33579249,63
131300929,34532176,80
131300929,37095998,68
131300929,418550668,100
131300929,440208643,68
131300929,443277233,54
131300929,457552211,61
131300929,485232943,81
131300929,524868052,84
1317051872,109293,80
1317051872,1318004249,66
1317051872,32803098,53
1317051872,427542109,100
1317051872,440208643,70
1317051872,459078774,76
1317051872,461083054,66
1317051872,461525011,66
1317051872,488532353,66
1317051872,498577487,70
1317051872,514761281,53
1317051872,529668356,63
1317051872,537680338,83
1317051872,546279760,60
1317051872,563282238,63
1320526102,29480187,55
1320526102,427017134,56
1320526102,440208476,77
1320526102,472361236,60
1320526102,500613058,60
1320526102,569214126,53
1320526102,574566207,100
1334755531,407839677,52
1334755531,489987558,100
1334755531,79938,59
133518026,22647928,56
133518026,26122666,73
133518026,426881480,69
133518026,4934355,56
133518026,514761281,100
1335803643,1296137888,80
1335803643,28566210,66
1335803643,461347998,57
1335803643,470795480,100
1335803643,504017347,60
1340285199,404184099,53
1340285199,418602088,82
1340285199,489410556,100
1340285199,574566207,56
1347140455,33004506,72
1347140455,417247802,53
1347140455,449578314,88
1347140455,488178169,82
1347140455,519715894,51
1347140455,522429802,59
1347140455,534275984,100
1347140455,551009036,71
135005463,831869,100
1352049545,1608568,55
1352049545,1698391,72
1352049545,17706562,63
1352049545,18638057,72
1352049545,1869271,52
1352049545,21974794,63
1352049545,27219537,69
1352049545,27403811,88
1352049545,28665224,77
1352049545,29019227,69
1352049545,29460377,55
1352049545,29534449,63
1352049545,29717271,55
1352049545,29774609,52
1352049545,299714,80
1352049545,30064263,72
1352049545,31460195,58
1352049545,33211676,91
1352049545,36308916,87
1352049545,36990266,54
1352049545,401382115,88
1352049545,413812522,100
1352049545,41644548,72
1352049545,41644555,63
1352049545,418602197,66
1352049545,423104752,58
1352049545,423228325,52
1352049545,442695,72
1352049545,444269135,54
1352049545,470547656,75
1352049545,485960398,83
1352049545,526464293,52
1352049545,5308028,61
1367072957,28188171,63
1367072957,424264505,53
1367072957,514761281,100
1367072957,516076896,81
1367072957,557148288,55
1377943870,410802611,100
1377943870,487190838,69
1388229268,115569,60
1388229268,1427100,60
1388229268,1427116,59
1388229268,188175,55
1388229268,1941560,64
1388229268,1943033,74
1388229268,26513144,72
1388229268,27032783,64
1388229268,27129154,74
1388229268,277766,58
1388229268,28613246,65
1388229268,28936078,52
1388229268,3950444,69
1388229268,423015771,100
1388229268,494865824,73
1388229268,502238187,88
1388229268,5041904,66
1388229268,5041906,55
1388229268,5041907,55
1388229268,5041909,55
1388229268,5041910,63
1388229268,518076124,55
1400974955,29023858,100
1401648082,1317791656,100
1401648082,28566210,52
1401648082,425828457,82
1401648082,447076645,70
1401648082,471129767,100
1401648082,480648464,52
1401648082,487587543,76
1405083842,29794684,100
1405154163,17088607,61
1405154163,19067286,70
1405154163,25862810,71
1405154163,25880354,71
1405154163,26389077,52
1405154163,27949072,70
1405154163,28577035,80
1405154163,29750825,52
1405154163,418602088,61
1405154163,422427049,76
1405154163,446512251,58
1405154163,451991565,100
1405154163,579954,58
1405154163,596591,64
1417473305,247491,51
1417473305,254285,75
1417473305,26429346,100
1417473305,29004400,60
1417473305,411907897,56
1417473305,461525011,84
1417473305,468882985,74
1417473305,497527639,89
1417473305,509313150,74
1417473305,509728841,77
1417473305,515143305,81
1417473305,543607345,93
1417473305,545799244,77
1424154485,534542079,51
1424154485,574566207,100
1450725256,1302293462,52
1450725256,419549577,100
1450725256,471851392,73
1450725256,477861662,66
1458733320,1610477,100
1481846982,1294924781,95
1481846982,574566207,71
1481889440,16431933,100
1481889440,4010187,54
1481889440,4010201,85
1481889440,4010213,78
1481889440,501291706,54
1569595523,1296151327,100
1569595523,401246013,71
1569595523,526099041,66
1597255548,1296550039,100
1597255548,1314604433,100
1598093132,26524701,75
1598093132,38592976,75
1598093132,506092035,75
1598093132,522444650,100
1598093132,553755659,75
1598093132,554886797,75
1598093132,863046037,75
1632825379,1313716472,71
1632825379,28018075,91
1632825379,34040694,100
1632825379,562594161,84
1663711593,407839677,100
181007,27644359,100
181007,28143405,55
181007,29947420,87
181007,408280191,53
181007,410518476,78
181007,410519484,55
181007,5103234,66
246348684,19563212,51
246348684,21924560,68
246348684,26092806,51
246348684,27229252,90
246348684,28188425,100
246348684,28188427,65
246348684,28828074,67
246348684,28949226,81
246348684,29019537,63
246348684,30070832,51
246348684,31654660,51
246348684,33035817,73
246348684,34383004,51
246348684,36668225,69
246348684,400161906,64
246348684,401249750,90
246348684,405566130,53
246348684,408532862,84
246348684,418603157,61
246348684,419250255,64
246348684,420125810,63
246348684,423228325,61
246348684,425008319,52
246348684,439121289,60
246348684,442869498,78
246348684,449818986,53
246348684,459115868,88
246348684,461347998,53
248152389,28421207,100
248152389,30352011,67
248152389,34179892,51
248152389,403710539,52
248152389,468176711,78
248152389,504264941,86
248152389,534931959,55
248152389,544739937,94
261643362,1315916920,61
261643362,28138493,53
261643362,496869523,100
261643362,515453363,51
263705507,401249910,51
263705507,436514312,78
264434763,476323553,100
265878324,140449,58
265878324,151985,86
265878324,152428,89
265878324,170352,58
265878324,224328,68
265878324,29750099,100
265878324,29771233,74
265878324,34928055,57
265878324,4199413,70
265878324,4872821,71
265925717,30569971,57
265925717,3313653,53
265925717,409872465,76
265925717,426291544,65
265925717,427542109,69
265925717,5179544,100
268509167,27646205,64
268509167,29004400,67
268509167,29722582,53
268509167,34613621,56
268509167,412951708,62
268509167,513791211,68
268509167,564710140,53
268509167,573131630,100
269060617,17753288,54
269060617,190072,57
269060617,25683868,51
269060617,28308239,71
269060617,29572652,64
269060617,29787426,60
269060617,29849194,53
269060617,30212890,66
269060617,31546571,51
269060617,33471609,82
269060617,35956778,58
269060617,410519492,88
269060617,419375684,86
269060617,427542068,52
269060617,433018366,55
269060617,467595255,57
269060617,468882985,52
269060617,475264179,63
269060617,475264180,58
269060617,475264181,53
269060617,482106876,100
269060617,482395261,56
269060617,487753742,52
269060617,522454462,64
269060617,543607345,68
269060617,551337517,53
269060617,554725967,60
269060617,554726621,53
272597297,432486474,100
275066773,420069116,100
275066773,427542254,58
275066773,477250101,72
275066773,865048159,62
276756251,191508,67
276756251,19292820,51
276756251,29561031,57
276756251,30245576,55
276756251,31514961,62
276756251,33419837,66
276756251,34229234,53
276756251,34578250,51
276756251,419254131,69
276756251,453185808,65
276756251,460043753,60
276756251,462876063,51
276756251,464508830,52
276756251,470771029,58
276756251,470795480,58
276756251,481691622,59
276756251,492145159,61
276756251,516776413,53
276756251,516818338,67
276756251,516823324,100
276756251,528568996,53
276756251,553812204,76
277603084,467590719,81
277603084,492144544,84
277603084,521416693,100
283230319,17423742,55
283230319,17423743,57
283230319,1926683,55
283230319,1926723,59
283230319,22706994,62
283230319,22714166,67
283230319,26219099,94
283230319,26830063,51
283230319,27514091,66
283230319,27860419,51
283230319,27864111,100
283230319,27864120,51
283230319,2925902,53
283230319,29789260,95
283230319,29897158,53
283230319,29950479,54
283230319,38358011,55
283230319,38358042,54
283230319,401616,73
283230319,403711640,52
283230319,4078600,58
283230319,4078616,53
283230319,412785271,67
283230319,41632448,88
283230319,429450,51
283230319,437753234,56
283230319,4923819,52
283230319,4923934,53
283230319,4960496,76
283230319,4962090,73
283230319,4962103,73
283230319,4964085,70
283230319,4971469,64
283230319,4971500,63
283230319,4973433,70
283230319,5044751,53
283230319,5050653,51
283230319,509905,59
283230319,527820,61
283230319,784509,62
283230319,784511,74
283230319,784513,58
283230319,784514,57
283230319,784544,64
283230319,831869,54
286507628,108390,67
286507628,169200,71
286507628,28815250,60
286507628,29004400,52
286507628,30780496,53
286507628,416531514,76
286507628,427142481,56
286507628,437387277,77
286507628,440353010,100
286507628,445154140,51
286507628,460578140,62
286507628,471650150,70
286507628,478303470,67
286507628,486188245,62
286507628,505449407,59
286507628,513360721,60
286507628,863046037,54
287613753,1296833312,61
287613753,190499,53
287613753,26334149,51
287613753,26429346,56
287613753,28830411,58
287613753,29004400,61
287613753,31445772,57
287613753,32166628,75
287613753,32944585,61
287613753,34383004,53
287613753,35476049,100
287613753,37653063,91
287613753,423015580,88
287613753,427542186,66
287613753,436487129,52
287613753,437387277,66
287613753,440208476,62
287613753,449320011,51
287613753,475277345,59
287613753,482597551,66
287613753,491943068,51
287613753,504017347,62
287613753,5086081,60
287613753,513791211,65
287613753,5239564,69
287613753,532572369,68
287613753,63738,51
287613753,86477,53
287613753,864943348,68
288203796,1297498908,82
288203796,409916250,100
288203796,415792050,77
288203796,477215211,56
290951696,17177367,67
290951696,31654490,100
290951696,31967200,53
290951696,451703096,61
290951696,557581896,51
294587783,34690421,63
294587783,35476049,53
294587783,420125514,66
294587783,427142481,56
294587783,436514415,65
294587783,438803467,90
294587783,461347998,98
294587783,468490178,100
301637414,29758353,100
301637414,30569282,78
301637414,465920905,55
301637414,466332688,63
301637414,480426446,75
301637414,480580003,51
303814056,109125,53
303814056,1294899063,53
303814056,1296833312,55
303814056,1318295323,70
303814056,192702,70
303814056,28111636,54
303814056,29592100,73
303814056,30431367,75
303814056,316686,56
303814056,33035611,88
303814056,34229234,58
303814056,36229055,53
303814056,420125990,51
303814056,421563408,100
303814056,424262521,72
303814056,436147067,63
303814056,460578140,66
303814056,462895657,56
303814056,468517654,61
303814056,482988834,64
303814056,486814412,65
303814056,519913462,62
303814056,519941070,75
303814056,529668356,55
303814056,531051646,64
303814056,542690276,65
303814056,553755659,71
303814056,572819430,77
303814056,863489830,52
314669010,26494530,62
314669010,27747330,91
314669010,28240672,77
314669010,31445772,64
314669010,364899,54
314669010,40249612,100
314669010,410801653,56
314669010,415792881,59
314669010,436514312,56
314669010,451169473,58
314669010,480580003,54
314669010,513791211,81
314669010,523251474,59
324550195,402070513,67
324550195,458697809,51
324550195,518092000,67
324550195,532950095,69
324550195,536623501,100
336404927,27605798,75
336404927,28828074,70
336404927,29816970,70
336404927,34998369,71
336404927,38392736,100
336404927,404075,67
336404927,437608813,94
336404927,472315839,53
336404927,477913,63
336404927,482636088,70
336404927,516653091,80
336404927,519084840,51
337674056,4010203,71
337674056,4081362,100
337674056,422094262,87
358063490,1307172231,76
358063490,1308818964,66
358063490,17793698,57
358063490,1989375,80
358063490,19928328,61
358063490,25862794,95
358063490,25862797,85
358063490,26902923,66
358063490,27697195,52
358063490,2867997,71
358063490,31152335,57
358063490,33035611,100
358063490,410629767,57
358063490,410629770,57
358063490,410629774,52
358063490,421807947,80
358063490,426291544,52
358063490,433107530,76
358063490,434052441,57
358063490,441622081,52
358063490,444803826,61
358063490,451703096,90
358063490,472361096,80
358063490,475072607,57
358063490,486376940,71
358063490,505449407,66
358063490,5162502,76
358063490,531295576,57
358063490,550485834,52
358063490,812400,52
358063490,863046037,61
360749303,1294924781,54
360749303,1309910256,80
360749303,25643284,61
360749303,28796621,53
360749303,2919622,68
360749303,29722582,60
360749303,32628310,52
360749303,32785674,60
360749303,33471594,69
360749303,37196629,92
360749303,407000139,79
360749303,409872465,58
360749303,41500546,100
360749303,418602088,78
360749303,436487129,53
360749303,443205286,52
360749303,449818741,58
360749303,452986458,52
360749303,489506275,60
360749303,524149127,61
360749303,524913762,66
360749303,535061030,56
360749303,553755659,59
360749303,571338279,55
360749303,573582024,76
360749303,862101001,53
360749303,863489830,90
360749303,863682233,51
360830258,20065049,100
360830258,25888658,58
360830258,439915614,51
360830258,553310138,72
36448689,2061452,82
36448689,28578755,54
36448689,29567546,96
36448689,29716037,55
36448689,29717271,53
36448689,29947420,67
36448689,36103723,79
36448689,401249910,59
36448689,434052302,66
36448689,4377991,100
36448689,503465,90
36448689,5157815,63
36448689,5322513,85
36448689,583253,53
36448689,831170,62
375151053,445886994,100
375682411,1298644319,100
375682411,1308778163,51
375682411,1990093,64
375682411,467952056,52
375682411,477936925,63
375682411,529824285,73
375682411,530986444,55
375893862,17290777,68
375893862,24851086,74
375893862,27108022,63
375893862,27713920,56
375893862,28095742,62
375893862,28828078,60
375893862,28830410,89
375893862,28830411,68
375893862,28921656,51
375893862,29019227,68
375893862,29307600,58
375893862,29379951,58
375893862,29379952,68
375893862,29737634,62
375893862,29771522,53
375893862,29793998,52
375893862,29819578,57
375893862,30780496,56
375893862,30798342,93
375893862,31134451,65
375893862,31421454,53
375893862,33166541,56
375893862,33166666,100
375893862,33419099,81
375893862,33789789,58
375893862,33933850,57
375893862,33933853,55
375893862,36492599,62
375893862,3986017,56
375893862,401720,55
375893862,406355,56
375893862,410629778,63
375893862,422104937,66
375893862,425280053,63
375893862,426881480,64
375893862,426881487,57
375893862,426881506,51
375893862,427142146,64
375893862,434974661,77
375893862,444267496,96
375893862,448316040,60
375893862,454224827,63
375893862,454224836,68
375893862,454224997,87
375893862,454231735,68
375893862,454231736,87
375893862,454231744,62
375893862,454231746,56
375893862,454231747,81
375893862,454231893,62
375893862,460039019,51
375893862,474932898,60
375893862,499009,55
375893862,5045540,63
375893862,5067882,54
375893862,507116414,51
375893862,507116417,54
375893862,5191751,56
375893862,528309,51
375893862,536622304,99
375893862,550136114,59
375893862,643982,87
375893862,755131,59
377164607,376635,76
377164607,406072193,61
377164607,406347881,60
377164607,417250673,65
377164607,418602088,52
377164607,4341314,54
377164607,436487129,67
377164607,449818741,68
377164607,451126971,74
377164607,461525011,58
377164607,482988834,100
377164607,513791211,54
377164607,516076896,67
377164607,557584888,92
384467921,168720,84
384467921,29534449,55
384467921,33291435,57
384467921,439076364,94
384467921,460628568,100
386884041,102154,52
386884041,1296833312,60
386884041,1297327707,56
386884041,1297743952,68
386884041,1298757292,56
386884041,1308348956,100
386884041,1310146164,84
386884041,1312643485,60
386884041,1313726466,52
386884041,25888658,84
386884041,27694145,60
386884041,28830410,76
386884041,29357087,60
386884041,29482234,68
386884041,29553031,56
386884041,29722582,52
386884041,29755058,68
386884041,31546888,64
386884041,34613621,52
386884041,35331692,80
386884041,399354289,52
386884041,403012527,52
386884041,412175495,84
386884041,41500990,84
386884041,427609888,84
386884041,436487129,64
386884041,438431189,68
386884041,461083054,56
386884041,461544312,52
386884041,470407893,84
386884041,480580003,52
386884041,481519556,52
386884041,487588762,52
386884041,501220770,72
386884041,518076124,56
386884041,522373610,64
386884041,528094899,56
386884041,532156099,84
386884041,533662988,68
386884041,546279760,52
386884041,553755659,92
386884041,555820893,72
386884041,569214126,60
386884041,571338279,76
386884041,864443401,76
386884041,864490003,76
387207005,534647495,100
389714273,26199445,78
389714273,2643059,82
389714273,28739617,53
389714273,29307038,51
389714273,29953204,66
389714273,427142171,98
390152485,27759600,59
390152485,28138493,84
390152485,39224244,59
390152485,415793862,75
390152485,422790454,53
390152485,436514312,62
390152485,450277844,56
390152485,468490460,100
390152485,486218073,62
390152485,498985218,75
39028022,443643999,90
39028022,450160892,100
39028022,454699741,53
390455834,1294924781,56
390455834,188432,56
390455834,208958,56
390455834,26620762,55
390455834,29561077,100
390455834,29722582,55
390455834,29806043,56
390455834,30841616,81
390455834,31789010,57
390455834,32358948,56
390455834,33291435,60
390455834,35956764,69
390455834,402070862,56
390455834,411314681,56
390455834,418602088,56
390455834,423227295,55
390455834,429459947,55
390455834,4341314,59
390455834,436487129,66
390455834,440353010,76
390455834,456175355,62
390455834,515269424,53
390455834,516571913,52
390455834,573843002,53
390455834,574566207,53
390455834,65766,59
390455834,863489767,69
391222038,27906584,68
391222038,29414768,56
391222038,29717271,100
391222038,32807378,52
391222038,365323,100
391222038,428642858,60
391222038,464373274,52
391492698,29769734,67
391492698,31421442,100
391492698,520460023,64
393599274,21471226,100
393630606,28819113,80
393630606,409102779,62
393630606,422094342,86
393630606,460323156,53
393630606,469699615,59
393630606,483891347,100
393630606,484314363,60
394479658,29431066,53
394479658,30431364,54
394479658,30903117,84
394479658,35090760,56
394479658,399341255,63
394479658,440208643,54
394479658,448184048,100
394479658,486194200,71
394479658,488876810,54
394479658,509728841,52
394479658,518686034,59
394479658,531295576,98
394479658,534317452,51
394479658,534540498,84
394479658,534542406,58
394479658,542690276,89
394479658,543987400,71
394479658,864100958,58
396726490,28285910,52
396726490,442314990,100
396726490,449818741,64
396726490,471403427,53
396726490,483671599,99
396726490,487192375,56
396726490,513791211,58
399173874,1212320,51
399173874,28863121,56
399173874,29378212,65
399173874,29950374,81
399173874,31066470,67
399173874,34040716,63
399173874,34383004,71
399173874,35345243,63
399173874,36664750,55
399173874,394651,61
399173874,409647737,51
399173874,41500546,98
399173874,420125810,90
399173874,428599678,100
399173874,451169473,58
399173874,451981574,83
399173874,452986458,71
399173874,461347998,57
399173874,474922552,56
399173874,542690276,70
401678778,79938,100
409149918,26867112,54
409149918,28692862,52
409149918,36307863,56
409149918,417247029,70
409149918,470547650,56
409149918,484314557,62
409149918,484755757,100
409149918,505449407,56
409149918,514761281,77
409149918,522510615,64
409149918,557584888,58
413293915,16846091,79
413293915,28681438,100
413293915,33579224,65
413293915,35314104,51
413293915,357222,66
413293915,4341314,53
413293915,461508101,51
413293915,465675773,65
413293915,509135896,54
413293915,530507,62
41352502,1212320,62
41352502,28306230,100
41352502,29803676,79
41352502,31721419,51
41352502,3560757,76
414983418,1519121,52
414983418,157495,70
414983418,30431376,100
414983418,404784564,74
414983418,472361096,90
414983418,494300869,86
415772661,27630190,52
415772661,475207448,100
415816594,1306515028,71
415816594,274686,55
415816594,28566210,75
415816594,28859948,51
415816594,29009655,68
415816594,29482234,61
415816594,29806045,65
415816594,30431376,51
415816594,34040716,83
415816594,409872465,66
415816594,418603096,80
415816594,419254011,53
415816594,419594258,60
415816594,420125990,86
415816594,421563082,53
415816594,424155395,73
415816594,427542186,68
415816594,436487129,73
415816594,439915614,71
415816594,449818741,95
415816594,452986458,100
415816594,461518855,53
415816594,464373438,61
415816594,471385043,58
415816594,484365611,61
415816594,516076896,78
415816594,518895654,58
415816594,529747143,58
415816594,531295576,90
415816594,531786028,93
415816594,534540498,76
415816594,534542079,63
415816594,534542505,65
415816594,535793433,56
415816594,536099018,81
415816594,536502758,90
415816594,536570464,91
415816594,536622089,53
415816594,536624791,76
415816594,540253253,68
415816594,545413103,71
415816594,564247897,56
415816594,565402865,68
415816594,569214126,56
419229307,472137797,100
419229307,497218032,55
425016424,28248872,51
425016424,30854130,56
426684055,227693,67
426684055,515453363,100
429705319,25888656,63
429705319,408277643,52
429705319,412911872,100
429705319,460628799,54
445122095,1302775559,65
445122095,1318894155,76
445122095,35804930,89
445122095,517565384,100
447597215,460578140,100
472157321,432698278,56
472157321,440353010,59
472157321,441617611,73
472157321,455382413,64
472157321,460409675,61
472157321,464863017,100
472157321,475258052,55
472157321,499510640,54
479713644,406072775,80
479713644,517567049,100
479713644,531655610,66
479713644,76933,53
484398363,514761281,100
489582185,21274655,100
489582185,28796621,68
489582185,418602088,54
489582185,438431189,58
489582185,451703096,72
489582185,452986458,79
489582185,5286043,58
491589934,405343230,100
491637516,108138,61
491637516,108478,95
491637516,153784,52
491637516,191232,54
491637516,255677,59
491637516,25657445,66
491637516,26348100,54
491637516,26584453,57
491637516,276995,56
491637516,27846862,60
491637516,27955653,65
491637516,29950374,57
491637516,32192436,51
491637516,34834414,52
491637516,35497984,72
491637516,400876480,59
491637516,410161216,56
491637516,413831749,67
491637516,440208476,51
491637516,454069168,65
491637516,486218073,95
491637516,4878124,51
491637516,491943068,54
491637516,493551130,55
491637516,497323369,64
491637516,511105159,84
491637516,516571913,67
491637516,523251474,100
491637516,524152061,65
491637516,557006247,66
492540953,26278742,53
492540953,26544456,55
492540953,28263911,53
492540953,28283079,68
492540953,28830412,52
492540953,29392893,52
492540953,30064175,88
492540953,30706267,52
492540953,32574982,84
492540953,33544488,62
492540953,35920504,100
492540953,39443749,75
492540953,403711524,55
492540953,409941817,51
492540953,41644595,54
492540953,419594258,57
492540953,423015272,59
492540953,434974476,62
492540953,435004245,55
492540953,436355404,65
492540953,451126088,56
492540953,455502171,61
492540953,465530028,68
492540953,505449407,66
492540953,5067898,69
492540953,573013100,54
493457895,22707008,100
493457895,407839677,60
499456533,29592100,58
499456533,407839677,97
499456533,418602088,100
499456533,446557635,73
499456533,474565896,59
499456533,554118097,67
500484826,1296550397,57
500484826,26243686,51
500484826,28138118,58
500484826,28892267,52
500484826,36668810,59
500484826,422132237,63
500484826,423227295,51
500484826,437480940,69
500484826,449480,68
500484826,460043716,100
500484826,462769331,94
500484826,479219389,95
500484826,480426313,96
500484826,481535436,80
500484826,501133800,55
500484826,521418812,52
502075122,1308819693,78
502075122,28285640,75
502075122,31356499,65
502075122,31814195,51
502075122,34766855,53
502075122,36103134,57
502075122,408332215,66
502075122,413812914,61
502075122,423227295,87
502075122,424477778,86
502075122,432509503,100
502075122,435413493,55
502075122,436346329,70
502075122,436346946,51
502075122,456175020,62
502075122,458238093,85
502075122,466122592,62
502075122,480426313,52
502075122,493276823,87
502075122,501220051,79
502075122,514055266,57
502075122,514055298,97
502075122,515269424,62
502075122,521416693,64
50255421,22722555,52
50255421,29947420,100
50255421,35403461,95
50255421,469433589,67
50255421,481537655,61
50255421,485467,79
505014763,30394891,75
505014763,33024037,66
505014763,34723470,95
505014763,409650851,100
505014763,421870344,56
505014763,429460399,68
506302552,26193975,62
506302552,26193977,62
506302552,26193978,62
506302552,26193979,62
506302552,26193982,62
506302552,26193984,62
506302552,28725741,62
506302552,28739579,75
506302552,30512321,100
506302552,31645202,62
506302552,419375206,62
506302552,4457369,62
506302552,517567049,75
506302552,546325433,62
506302552,550485834,62
506302552,565062024,62
509079354,16483438,86
509079354,17706562,100
509079354,185700,60
509079354,26092806,87
509079354,27896611,90
509079354,28852648,56
509079354,29307041,70
509079354,29371332,63
509079354,29713638,80
509079354,30431367,61
509079354,31445554,61
509079354,34613621,61
509079354,411259676,67
509079354,414979759,55
509079354,416531514,55
509079354,418602088,63
509079354,423104752,72
509079354,426291544,52
509079354,446627347,63
509079354,446935665,73
509079354,455653437,100
509079354,461544312,55
509079354,462686464,96
509079354,471411253,58
509079354,496869422,56
509079354,515269424,55
509079354,517266247,56
509079354,518725853,52
509079354,546883280,64
509079354,550936829,60
509079354,557581284,83
509079354,584155,53
529811439,1296583188,52
529811439,455543886,59
529811439,506196018,100
529811439,518725853,53
534864470,28285910,54
534864470,37239038,100
534864470,569214126,54
535801273,1294556866,60
535801273,1297742298,58
535801273,1297841,86
535801273,132975,100
535801273,139774,54
535801273,21609169,57
535801273,25714146,73
535801273,28029287,53
535801273,28240138,54
535801273,28285910,60
535801273,287035,68
535801273,29722582,68
535801273,30064175,66
535801273,31365604,57
535801273,33166666,66
535801273,35447401,75
535801273,36024806,82
535801273,374612,76
535801273,412911095,62
535801273,436487129,51
535801273,440208476,65
535801273,440759265,87
535801273,459151282,51
535801273,484730895,61
535801273,496774187,51
535801273,522320211,60
535801273,523251118,77
535801273,539124479,83
535801273,546723152,54
535801273,554191055,67
535801273,562594322,69
535801273,683867,58
535801273,97357,72
537503544,1299550532,69
537503544,28188425,69
537503544,28263911,63
537503544,32408263,67
537503544,33937527,78
537503544,36664743,73
537503544,418602088,100
537503544,440208476,52
537503544,440759991,60
537503544,463049020,82
537503544,498331794,58
537503544,516765174,71
537503544,574566207,54
542495444,23268924,63
542495444,27222019,65
542495444,32337668,58
542495444,34324640,100
542495444,404783338,67
542495444,414979759,56
542495444,417043707,80
542495444,425295146,73
542495444,436346407,89
542495444,440208643,65
542495444,441120471,63
542495444,448749148,56
542495444,453268471,52
542495444,456175701,60
542495444,461518895,82
542495444,464192074,67
542495444,464377244,60
542495444,465920775,76
542495444,472137219,84
542495444,480516889,52
542495444,482386132,73
542495444,496298793,78
542495444,497223014,65
542495444,542404561,52
542495444,546279760,67
546749262,150430,67
546749262,190499,81
546749262,29414460,77
546749262,33291435,53
546749262,406730941,91
546749262,427542108,62
546749262,436514312,70
546749262,440353010,68
546749262,474567580,63
546749262,486218073,51
546749262,489998494,100
546749262,513791211,74
546749262,5279718,51
550123737,27882657,80
550123737,28240672,90
550123737,28411718,60
550123737,28892408,90
550123737,364901,90
550123737,37653063,60
550123737,419646988,100
550123737,421563082,60
550123737,439121995,70
550123737,487190809,90
550123737,571338083,70
550123737,862100828,80
558975871,1296410418,92
558975871,1297743783,64
558975871,1307892694,65
558975871,1311782175,71
558975871,1313558309,53
558975871,28240421,63
558975871,28306554,53
558975871,29561077,75
558975871,29979829,62
558975871,31517427,55
558975871,32019002,68
558975871,34228719,100
558975871,453927526,99
558975871,460042450,80
558975871,514055266,69
558975871,516320081,59
558975871,864534194,77
559574605,27888500,58
559574605,28729445,70
559574605,28912996,64
559574605,28996325,70
559574605,31370949,58
559574605,31517427,58
559574605,32019002,76
559574605,32358948,100
559574605,33035384,76
559574605,33051903,82
559574605,33307539,58
559574605,34766335,76
559574605,35729141,52
559574605,35845900,70
559574605,408332215,64
559574605,409647183,52
559574605,435592239,76
559574605,445844867,64
559574605,448917606,52
559574605,455502171,58
559574605,467595255,52
559574605,469410926,88
559574605,474581010,58
559574605,492063371,76
559722732,25731320,51
559722732,33495756,100
559722732,553755659,62
560689885,17706562,55
560689885,26199445,57
560689885,26903575,65
560689885,27969749,52
560689885,28815250,62
560689885,28830412,65
560689885,28959189,59
560689885,30064263,63
560689885,30070918,63
560689885,30153004,81
560689885,30394891,60
560689885,30841076,73
560689885,30854398,57
560689885,32166628,55
560689885,33737313,62
560689885,401249126,57
560689885,401249910,57
560689885,409302163,57
560689885,410042104,65
560689885,412327036,63
560689885,4151839,52
560689885,417595310,52
560689885,418602088,68
560689885,423997501,52
560689885,425828033,60
560689885,425828604,62
560689885,429460399,100
560689885,434974661,73
560689885,440353134,63
560689885,441622487,52
560689885,447281999,68
560689885,451126088,63
560689885,451703096,54
560689885,477331084,60
560689885,493920283,75
560689885,495359271,78
560689885,497488205,54
560689885,499274178,54
560689885,5143941,67
560689885,572486987,54
569601764,863094364,100
572083042,1696373,57
572083042,22730069,54
572083042,29812485,100
572083042,31912054,100
572083042,399552364,54
572083042,41500546,51
572083042,415793115,80
572083042,442899380,60
572083042,461544139,94
572083042,545146747,82
57402959,316686,100
57402959,41654827,87
584920347,424262521,53
584920347,440353010,100
59331499,28283079,62
59331499,31185002,75
59331499,31246283,51
59331499,32334374,53
59331499,33789071,62
59331499,34084649,64
59331499,34229234,100
59331499,402070045,58
59331499,409647737,55
59331499,41631811,77
59331499,418602088,54
59331499,436147067,56
59331499,440767104,53
59331499,447076645,53
59331499,454887975,61
59331499,455311491,65
59331499,459938112,69
59331499,460112278,58
601889595,31445554,59
601889595,329336,81
601889595,461347998,51
601889595,461525011,100
601889595,557584888,55
604933236,17456084,61
604933236,22642372,62
604933236,26092806,52
604933236,28828074,82
604933236,29947420,52
604933236,32465166,69
604933236,411907077,100
604933236,41630480,70
604933236,418602088,82
604933236,441116579,61
604933236,465973078,54
604933236,474978966,58
604933236,496619840,75
604933236,514774419,54
609250090,32803098,65
609250090,346576,53
609250090,401386135,57
609250090,405226741,61
609250090,4341314,57
609250090,436147067,55
609250090,504017347,100
609250090,518076124,59
609250090,524194654,63
609285223,443875380,100
609285223,642460,53
60994551,19554998,61
60994551,21312101,53
60994551,27406244,100
60994551,31654479,87
60994551,408532376,68
60994551,4237846,51
616779159,28566206,54
616779159,32639368,53
616779159,441491410,69
616779159,462523338,68
616779159,473865426,61
616779159,515601126,51
616779159,532904690,100
618680883,28977906,64
618680883,33035611,70
618680883,449818741,58
618680883,522041157,100
618680883,554016922,100
619015190,26902860,52
619015190,27770619,60
619015190,27875317,58
619015190,28302782,62
619015190,29431074,56
619015190,29498741,69
619015190,30284632,73
619015190,30512839,52
619015190,30590259,54
619015190,30612320,54
619015190,30854130,60
619015190,31081097,69
619015190,31517506,73
619015190,31997691,98
619015190,33497896,58
619015190,33856456,60
619015190,35847921,73
619015190,36307709,52
619015190,399405313,56
619015190,409647407,56
619015190,409647889,71
619015190,411315428,71
619015190,412785957,100
619015190,412902757,52
619015190,412911872,52
619015190,413834398,64
619015190,417250970,56
619015190,417833443,69
619015190,425684170,83
619015190,426009093,79
619015190,426290568,54
619015190,432698627,64
619015190,445666806,52
619015190,447076645,67
619015190,456175243,90
619015190,461519782,52
619015190,464373274,62
619015190,464674446,64
619015190,465921745,56
619015190,469272857,54
619015190,472361096,58
619015190,476323553,83
619015190,512376599,62
619015190,519935341,54
619015190,522444650,54
625420208,29307041,77
625420208,33410380,88
625420208,34169530,52
625420208,482999012,100
625420208,494642787,74
625420208,528272273,68
625420208,528568520,55
62582643,137963,53
62582643,187953,56
62582643,206730,70
62582643,25906124,56
62582643,27646786,70
62582643,28815250,70
62582643,30260225,76
62582643,31889436,60
62582643,475277345,100
633019222,404184597,100
633019222,541499347,77
633019222,725873,87
633019222,825860,62
640244336,1294968193,77
640244336,473602861,52
640244336,514055298,62
640244336,529823971,100
640244336,571942129,83
640244336,865868057,52
68014748,1306507874,59
68014748,187709,75
68014748,188674,57
68014748,189212,72
68014748,189987,100
68014748,26496942,71
68014748,28064059,62
68014748,28443087,60
68014748,28531849,69
68014748,28586064,71
68014748,28692519,54
68014748,29414525,69
68014748,29535511,80
68014748,31517505,62
68014748,31517506,57
68014748,32507839,61
68014748,467952465,63
69593625,27903590,69
69593625,32341907,94
69593625,36492196,64
69593625,41650488,100
6967372,1931676,58
6967372,21225451,55
6967372,26372969,55
6967372,27667233,61
6967372,27853737,72
6967372,27971955,53
6967372,28341474,87
6967372,28661564,55
6967372,29019227,83
6967372,29418861,62
6967372,29460432,62
6967372,29750331,58
6967372,30064461,53
6967372,30706076,100
6967372,32046367,53
6967372,32835377,87
6967372,33333602,79
6967372,33510885,63
6967372,33538897,58
6967372,34324628,53
6967372,35040208,61
6967372,36841580,87
6967372,37239741,73
6967372,37722278,60
6967372,37955044,94
6967372,404716933,61
6967372,406072247,82
6967372,409647737,53
6967372,412187851,53
6967372,412902750,57
6967372,418603077,63
81649154,25726212,72
81649154,417859220,61
81649154,4341314,100
86407310,402070513,51
86407310,467952432,100
87473326,447280017,100
