100077037,29713218,100
100077037,768697,56
100085374,22677433,76
100085374,27759600,52
100085374,29732992,59
100085374,30967154,68
100085374,32405874,54
100085374,33715500,75
100085374,37854214,96
100085374,405242079,81
100085374,405242280,87
100085374,409031247,53
100085374,453268067,65
100085374,461525011,97
100085374,463001031,100
100085374,471763706,51
100085374,522343476,73
100085374,526997562,51
100085374,527750415,78
100085374,528203626,54
100085374,529826960,56
100085374,531250077,52
100085374,662235,64
100085374,710054,57
100085374,710057,68
100085374,812400,57
100085374,857619,57
100085374,860368,60
10015114,25731529,63
10015114,259714,60
10015114,27646409,60
10015114,29436904,100
10015114,29823756,73
10015114,360311,75
10015114,595682,93
10015114,678093,96
100198046,27583632,100
100335819,19288281,61
100335819,28617697,100
100335819,32166834,54
100335819,407192457,52
10042832,21725949,100
100437150,1297160,59
100437150,1414097,69
100437150,1999736,60
100437150,2116549,82
100437150,25727870,73
100437150,27507372,62
100437150,2781689,57
100437150,28477891,53
100437150,28690484,56
100437150,29047325,63
100437150,29129424,72
100437150,32640468,53
100437150,33252394,54
100437150,35437864,66
100437150,36664662,100
100437150,410654549,53
100437150,4207911,56
100457783,525318856,91
100457783,525319793,96
100457783,572770068,53
100457783,864517083,100
100471173,26243125,95
100471173,26598008,66
100471173,28018076,67
100471173,28341337,70
100471173,28464321,88
100471173,28786271,68
100471173,28786273,67
100471173,29463327,78
100471173,29567379,85
100471173,33378115,63
100471173,36025314,65
100471173,408629344,54
100471173,414691362,100
100471173,414691364,90
100471173,441120530,52
100471173,793342,61
100471173,793418,69
100471173,825343,73
100484765,28680438,57
100484765,399367221,100
100514886,1306731693,52
100514886,29567100,62
100514886,32785393,66
100514886,33668276,100
100514886,465920526,56
100514886,519434402,60
100877701,34200440,67
100877701,3648784,100
100877701,421203025,92
100892069,22072743,58
100892069,22712632,52
100892069,27759600,100
100892069,300948,58
100892069,3405601,60
100940266,110524,100
100940266,110530,75
100940266,1933598,56
100948605,22740685,55
100948605,25706282,57
100948605,26215437,79
100948605,29027023,66
100948605,29307037,82
100948605,32317208,89
100948605,33162226,58
100948605,34609081,57
100948605,346576,51
100948605,347230,58
100948605,34749067,82
100948605,36025996,100
100948605,387717,54
100948605,405253631,61
100948605,408332757,82
100948605,409302163,85
100948605,413834360,61
100948605,422790454,78
100948605,430043822,75
100948605,437608168,62
100948605,437608169,59
100948605,488256375,60
100948605,517565083,72
100948605,571545720,51
100948605,770388,56
100948605,770478,70
100948605,770484,63
100948605,770525,78
100948605,770764,81
100981407,22636687,86
100981407,22765958,55
100981407,27582784,60
100981407,28854162,56
100981407,28953575,67
100981407,32303030,51
100981407,460528,66
100981407,461011,54
100981407,509122,100
100981407,732188,76
100981407,752043,54
100981407,756338,64
100981407,756609,65
101002379,202368,86
101002379,25867002,60
101002379,27562608,53
101002379,30635706,100
101002379,31048598,52
101002379,32334385,73
101002379,33854083,75
101002379,412319508,69
101002379,4876053,54
101415326,22638318,53
101415326,22644164,51
101415326,28188382,62
101415326,28381282,56
101415326,28496172,62
101415326,29779659,100
101415326,31877785,66
101415326,33891487,57
101415326,424262348,80
101415326,451567393,54
101415326,640545,66
101415326,677046,69
101440713,20744075,55
101440713,27130323,52
101440713,28457092,71
101440713,30352891,88
101440713,32174082,55
101440713,410821967,53
101440713,5055024,55
101440713,5055029,100
101440713,569214126,54
101528300,1012270,54
101528300,29491457,100
101639922,22660774,61
101639922,22660776,100
101639922,22660778,68
101639922,22660779,68
101639922,22660780,52
101639922,22660784,65
101639922,28315777,52
101639922,28493493,96
101639922,28493500,94
101639922,28493502,84
101639922,28493505,58
101639922,29307060,58
101639922,29307064,78
101639922,34367810,61
101639922,432821968,63
101639922,432821971,52
101639922,432821972,54
101639922,432821973,58
101639922,432821975,61
101639922,432821976,59
101639922,436355211,57
101639922,489970514,74
101639922,489970515,59
101639922,489970516,69
101639922,489970517,77
101639922,489970518,76
101639922,489970519,56
101639922,489970521,56
101639922,489970524,61
101639922,489970529,79
101897537,113413,58
101897537,154703,54
101897537,168091,51
101897537,171075,60
101897537,186331,57
101897537,186453,56
101897537,26620762,90
101897537,27483202,100
101897537,28481103,56
101897537,29343374,90
101897537,29535690,53
101897537,29724292,65
101897537,29724295,57
101897537,31426608,76
101897537,346076,52
101897537,355971,68
101897537,355981,72
101897537,355992,58
101897537,355995,54
101897537,38576323,71
101897537,451279121,55
101897537,5237118,67
101897537,66053,76
101897537,66067,58
101897537,86279,58
101908031,1072986,52
101908031,16846886,54
101908031,19539583,62
101908031,27785067,59
101908031,29569427,75
101908031,39122208,53
101908031,411293,68
101908031,417953047,100
101908031,4251178,96
101908031,521865,59
101949714,28765208,57
101949714,29567095,82
101949714,30051217,53
101949714,31165512,99
101949714,437387277,57
101949714,439646488,58
101949714,446557483,100
101949714,454924808,51
101949714,459437308,57
101949714,476691648,54
101949714,526956071,77
101949714,529257644,82
101949714,539604426,89
101949714,618325,53
102281287,347572,100
102577280,411356544,100
102577280,41642036,56
102577280,5234192,68
102721358,1078365,64
102721358,1710842,67
102721358,17240037,84
102721358,23039248,71
102721358,27646215,63
102721358,357052,65
102721358,418603177,52
102721358,428350510,55
102721358,432698064,100
102721358,440353010,64
102721358,463973320,63
102721358,494796414,68
102721358,5043818,54
102721358,5051052,88
102742445,33791551,78
102742445,493735175,100
102762525,1428235,56
102762525,159568,51
102762525,355794,59
102762525,426291544,54
102762525,464863017,100
102762525,490381948,53
102762525,572819430,52
102762525,863618572,51
102782118,1080625,54
102782118,1216494,52
102782118,1383627,58
102782118,1475050,100
102782118,1475363,65
102782118,16323672,58
102782118,17290777,82
102782118,17541009,52
102782118,18383780,53
102782118,20065065,59
102782118,20954451,60
102782118,21698700,70
102782118,21698704,61
102782118,21793938,72
102782118,22224439,66
102782118,22627745,66
102782118,22800495,62
102782118,28068334,54
102782118,29719541,91
102782118,39436920,58
102782118,41658280,59
102782118,4330626,66
102782118,4333931,66
102782118,5179669,55
10278286,27646197,53
10278286,27646199,64
10278286,27646205,70
10278286,28406900,97
10278286,28406905,52
10278286,292283,100
10278286,29724292,55
10278286,29724295,65
10278286,30212877,94
10278286,3046556,98
10278286,326804,88
10278286,406072281,65
103203199,247172,74
103203199,25867002,52
103203199,274859,51
103203199,28923659,68
103203199,31721419,69
103203199,38576353,59
103203199,448170416,100
103216025,28285910,100
103216025,413961244,82
103216025,426501183,63
103336108,1592350,76
103336108,1592366,54
103336108,27515303,53
103336108,28164935,77
103336108,28665554,54
103336108,29202381,53
103336108,29544865,67
103336108,30394891,61
103336108,30431366,55
103336108,30635585,57
103336108,31445772,100
103336108,34380395,58
103336108,36496695,66
103336108,408250992,68
103336108,474260449,58
103336108,543203,58
103336108,642776,97
103336108,853702,57
103642115,25657274,56
103642115,5264842,100
103643630,432506297,100
104119411,18831018,55
104119411,21256075,64
104119411,28095285,89
104119411,28226055,88
104119411,28764317,56
104119411,28764319,83
104119411,29553115,85
104119411,36990266,52
104119411,482395086,71
104119411,5057458,100
104159849,25870663,68
104159849,29401106,96
104159849,29567095,55
104159849,29844115,100
104159849,33544059,60
104159849,34380993,58
104159849,34986038,57
104159849,640866,55
104479174,28341797,75
104479174,28341803,53
104479174,31234733,60
104479174,462612930,100
104479174,591889,57
104604526,27646199,87
104604526,28288501,52
104604526,28310921,87
104604526,28310922,76
104604526,28381611,52
104604526,32217265,100
104604526,40021478,93
104604526,424474916,54
104661894,26031012,51
104661894,26031014,51
104661894,31738245,100
104661894,36924212,51
104661894,4237846,53
104661894,4237923,69
104685236,35678875,100
104685236,448594038,75
104707031,119547,90
104707031,142420,96
104707031,20744853,93
104707031,25721188,94
104707031,26289183,80
104707031,27505461,81
104707031,27646203,91
104707031,27646205,90
104707031,350753,81
104707031,350757,80
104707031,4049832,92
104707031,405167520,86
104707031,41500655,98
104707031,41500656,88
104707031,41500657,80
104707031,5202655,89
104707031,5202656,94
104707031,5202657,100
104707031,5202658,97
104707031,5202659,96
104707031,5202660,94
104707031,5202661,92
104707031,5202662,96
105042270,26095964,82
105042270,26095966,64
105042270,26110708,100
105042270,26121811,56
105042270,26199450,78
105042270,28692519,67
105042270,29366679,54
105042270,29550028,55
105042270,30064088,59
105042270,30590157,63
105042270,31889437,64
105042270,34928127,61
105042270,34928128,60
105042270,412016275,52
105042270,497463544,53
105042270,794080,97
105042270,794131,78
105042270,794134,64
105042270,794154,86
105045597,109998,95
105045597,1496323,100
105045597,18528289,83
105045597,4172882,92
105045597,496870798,63
105045597,5247930,69
105045597,5247932,91
105045597,5286742,86
105063837,16847662,53
105063837,16847665,70
105063837,16847667,53
105063837,19402322,58
105063837,19869931,62
105063837,31738245,100
105063837,4237883,70
105063837,4237911,57
105063837,4237927,58
105175552,208209,59
105175552,26508242,59
105175552,418326378,100
105668607,30413344,78
105668607,30413349,100
105668607,31273064,58
105668607,33922430,64
105718556,1486430,75
105718556,461347998,100
105718556,5180142,64
10576685,20744782,100
10576685,29463695,80
106037034,165843,51
106037034,22839297,100
106037034,26830208,58
106037034,28188425,55
106037034,29401512,62
106037034,33916288,93
106037034,399953113,55
106037034,401250430,51
106037034,401250431,51
106037034,459139374,65
106037034,462523399,65
106344060,299255,90
106344060,299258,76
106344060,299261,100
106344060,299427,63
106344060,299460,66
106344060,299510,70
106344060,299521,66
106344060,299599,56
106344060,299642,53
106344060,299644,80
106344060,299647,70
106344060,299650,76
106344060,299907,93
106344060,299936,56
106344060,300224,53
106344060,30500470,66
106344060,30841076,66
106344060,316854,60
106344060,34228329,60
106344060,422132597,70
106344060,459555084,73
106344060,474567580,53
106344060,480768067,86
106344060,480769050,73
106344060,480769051,70
106344060,506229288,76
106344060,557581284,96
106371576,2000574,100
106418276,25542198,100
106446606,28285776,86
106446606,4237923,100
106446606,4238349,56
106712287,22345287,100
106712287,27069749,59
106726134,22736708,53
106726134,26201877,86
106726134,27876224,53
106726134,28118319,66
106726134,28118320,66
106726134,28118321,80
106726134,28118322,70
106726134,28118323,76
106726134,28118324,53
106726134,28118325,63
106726134,28118326,53
106726134,28233271,63
106726134,29264088,56
106726134,29264089,60
106726134,29264092,63
106726134,29748451,60
106726134,31273303,56
106726134,33211138,63
106726134,33211139,56
106726134,33211140,76
106726134,33211141,53
106726134,33211143,70
106726134,472487,56
106726134,479938319,53
106726134,496963,100
106726134,776205,60
106726134,776206,83
106726134,776208,60
106726134,776213,70
106726134,776218,66
106726134,776223,56
106726134,776227,60
106726134,776229,73
106808555,175576,51
106808555,18449193,64
106808555,22671054,55
106808555,239566,52
106808555,28978321,84
106808555,29392759,52
106808555,29429748,55
106808555,30352891,51
106808555,31445554,55
106808555,31645305,53
106808555,32408691,86
106808555,32857171,65
106808555,33497647,100
106808555,355992,55
106808555,39442115,57
106808555,404459904,70
106808555,408332757,53
106808555,408814900,55
106808555,415086030,80
106808555,459555084,53
106808555,470759757,72
106808555,479219330,73
106808555,498942717,63
106808555,515888628,57
106886998,35847619,67
106886998,414980538,60
106886998,417247234,100
106886998,421148263,51
106901885,18671759,81
106901885,18671760,80
106901885,18671761,80
106901885,18671762,80
106901885,18671763,80
106901885,18671764,80
106901885,18671765,80
106901885,18671766,80
106901885,18671767,80
106901885,18671768,80
106901885,18671769,80
106901885,18671770,79
106901885,18671771,79
106901885,18671772,79
106901885,18671773,79
106901885,18671774,79
106901885,18671775,78
106901885,18671776,78
106901885,18671777,78
106901885,18671778,78
106901885,18671779,78
106901885,18671780,78
106901885,18671781,77
106901885,18672322,87
106901885,18672323,87
106901885,18672324,87
106901885,18672325,87
106901885,18672326,86
106901885,18672327,86
106901885,18672328,86
106901885,18672329,86
106901885,18672330,86
106901885,18672331,85
106901885,18672332,85
106901885,18672333,85
106901885,18672334,85
106901885,18672335,85
106901885,18672336,85
106901885,18672337,84
106901885,18672338,84
106901885,18672339,84
106901885,18672340,84
106901885,25729730,83
106901885,25729731,83
106901885,25729732,81
106901885,25729733,81
106901885,25729734,83
106901885,25729735,81
106901885,25729736,83
106901885,25729737,82
106901885,25729738,82
106901885,25729739,81
106901885,25729740,82
106901885,25729741,83
106901885,25729742,83
106901885,25729743,83
106901885,25729744,82
106901885,25729745,81
106901885,25729746,82
106901885,25729747,82
106901885,25729748,83
106901885,25729749,82
106901885,25729750,83
106901885,25729752,82
106901885,25729753,83
106901885,25729754,82
106901885,25729755,83
106901885,32640009,77
106901885,32640010,77
106901885,32640011,77
106901885,32640012,77
106901885,32640013,77
106901885,32640014,77
106901885,32640015,76
106901885,32640016,76
106901885,32640017,76
106901885,32640018,76
106901885,32640019,76
106901885,32640020,75
106901885,32640021,75
106901885,32640022,75
106901885,32640023,75
106901885,32640024,75
106901885,40257937,74
106901885,40257940,74
106901885,40257941,74
106901885,40257942,74
106901885,40257944,74
106901885,40257945,74
106901885,40257946,75
106901885,40257948,74
106901885,40257951,73
106901885,40257952,74
106901885,40257953,74
106901885,40257955,74
106901885,40257958,73
106901885,40257969,73
106901885,40257970,75
106901885,5264842,77
106901885,5264843,100
107227283,22640559,53
107227283,22841624,77
107227283,26349243,58
107227283,28550662,79
107227283,28941709,52
107227283,30148963,55
107227283,30251979,56
107227283,30394219,100
107227283,31587891,65
107227283,31587893,53
107227283,31587900,61
107227283,33891513,61
107227283,34002538,74
107227283,35090996,51
107227283,36198063,56
107227283,36198064,64
107227283,36198710,73
107227283,38392280,70
107227283,409872504,51
107227283,41416589,64
107227283,539065,60
107227283,610152,74
107227283,698168,56
107227283,722013,51
107241809,22660775,63
107241809,22660964,56
107241809,22706999,73
107241809,22707008,82
107241809,28493500,51
107241809,28493502,83
107241809,30352891,55
107241809,32957014,100
107241809,34200225,51
107241809,35288984,56
107241809,35956789,58
107241809,4962114,56
107242895,187322,100
107242895,187418,66
107242895,187422,63
107242895,187425,76
107242895,187427,87
107242895,187429,91
107242895,187570,64
107242895,187584,61
107242895,187928,59
107242895,5264843,80
107242895,5278160,95
107242895,64561,91
107242895,64566,69
107269943,2069481,65
107269943,26342428,56
107269943,29269146,70
107269943,29809323,59
107269943,31356045,57
107269943,33735534,100
107269943,410714739,61
107269943,426852577,57
107269943,515482526,65
107707845,17483959,70
107707845,20937372,66
107707845,20937374,61
107707845,22605222,65
107707845,64093,100
107716436,1369959,54
107716436,1698603,77
107716436,17240037,67
107716436,18212708,68
107716436,2012787,67
107716436,22560324,60
107716436,22642420,56
107716436,25963097,90
107716436,26095965,78
107716436,26128719,77
107716436,26212124,86
107716436,28244941,74
107716436,28465109,56
107716436,29004400,76
107716436,34766849,100
107716436,4002484,69
107716436,403136445,78
107716436,403136446,74
107716436,427536,71
107716436,427554,85
107716436,493283762,65
107716436,541275,55
107748995,22699147,55
107748995,22798854,51
107748995,26160588,64
107748995,26201885,52
107748995,27571001,64
107748995,27955401,51
107748995,28563201,84
107748995,28613731,67
107748995,29491348,51
107748995,29539190,58
107748995,29758025,53
107748995,29828293,72
107748995,32317208,67
107748995,32823686,51
107748995,33913866,51
107748995,35505031,84
107748995,36199836,73
107748995,38358219,91
107748995,41632805,52
107748995,427610621,59
107748995,4920727,56
107748995,541887,59
107748995,549304035,100
107748995,549321040,71
107748995,586299,95
107748995,618325,53
107748995,620773,63
107748995,676568,59
107748995,722932,53
107748995,753225,54
107748995,831170,61
107748995,860619,51
107750599,16491629,64
107750599,17689522,94
107750599,26147410,100
107750599,27836799,61
107750844,22716842,53
107750844,28457389,58
107750844,28457401,56
107750844,31209781,56
107750844,33856243,100
107750844,432486480,57
107750844,522444388,53
107750844,838152,55
107755501,22810687,100
107755501,254093,51
107755501,28483039,65
107755501,424474124,60
107755501,714434,53
107960705,571074019,100
108021841,28188425,60
108021841,28188434,52
108021841,421137682,97
108021841,504686858,100
108148093,110669,56
108148093,110834,56
108148093,110840,63
108148093,186909,65
108148093,187014,79
108148093,187387,81
108148093,214033,58
108148093,22201008,56
108148093,234252,75
108148093,255870,54
108148093,25639351,53
108148093,274114,65
108148093,27591651,53
108148093,28756834,100
108148093,300032,76
108148093,306845,62
108148093,306967,63
108148093,307780,75
108148093,31917312,64
108148093,40140666,51
108148093,404527,69
108148093,410654865,51
108148093,449320011,60
108148093,488839448,60
108148093,65903,54
108148093,691506,82
108148093,692828,58
108201077,185886,56
108201077,230050,70
108201077,28306659,52
108201077,417250673,63
108201077,461749,100
108201077,472210856,94
108201077,484057003,75
108209969,1695819,86
108209969,18831018,93
108209969,18831019,88
108209969,18831023,53
108209969,18831028,68
108209969,2051408,86
108209969,21127456,100
108209969,21318420,58
108209969,26883017,71
108209969,27471609,61
108209969,27731127,60
108209969,29719534,90
108209969,4333931,70
108209969,436514055,61
108209969,449647,75
108209969,5051347,56
108209969,5052627,60
108209969,5057458,90
108726910,34880842,100
108761208,16435034,75
108761208,17177324,82
108761208,17910221,58
108761208,19091879,66
108761208,2081057,72
108761208,21038513,74
108761208,2117058,58
108761208,21563184,100
108761208,27571440,61
108761208,28680438,74
108761208,28798452,64
108761208,2923152,62
108761208,29343255,65
108761208,29966565,57
108761208,3314177,67
108761208,36841428,80
108761208,38391133,88
108761208,3986017,70
108761208,4154790,69
108766996,1296550039,85
108766996,22710887,53
108766996,26083088,95
108766996,285187,57
108766996,28546248,74
108766996,297113,65
108766996,29783672,56
108766996,314773,53
108766996,32737581,55
108766996,32957016,53
108766996,427419023,53
108766996,435948946,54
108766996,445249,62
108766996,479062315,63
108766996,493960727,77
108766996,4947189,74
108766996,4947712,64
108766996,4947716,80
108766996,506583974,100
108766996,5316804,64
108766996,5402941,55
108766996,557584206,54
108766996,587815,55
108766996,587993,70
108766996,724495,54
108766996,819480,57
108766996,862102580,51
10916222,1143733,57
10916222,1376408,57
10916222,1716305,69
10916222,1716311,53
10916222,1773330,65
10916222,18449193,84
10916222,185617,100
10916222,185667,57
10916222,185668,57
10916222,185699,53
10916222,185809,57
10916222,185821,65
10916222,185912,53
10916222,186010,73
10916222,186016,65
10916222,186055,53
10916222,186109,57
10916222,186154,61
10916222,20707435,53
10916222,210281,53
10916222,22006112,73
10916222,26500531,61
10916222,27836316,65
10916222,28048169,65
10916222,28785782,57
10916222,28838115,65
10916222,32192436,61
10916222,32752249,57
10916222,34619045,57
10916222,3986376,65
10916222,417250561,73
10916222,5044257,53
10916222,5248657,76
10916222,64317,61
109163297,18141557,67
109163297,18141570,62
109163297,30398374,61
109163297,34040236,51
109163297,409031092,100
109163297,5253734,67
109163297,528195098,55
109203655,1369156,100
109203655,18611515,87
109203655,414979777,80
109203655,472361096,100
109203655,514055051,91
109203655,5394540,77
109253064,17863892,100
109253064,5111059,88
109812117,28267087,60
109812117,28267088,77
109812117,28748253,100
109812117,29709643,54
109812117,35032120,65
109849213,17166384,62
109849213,18267037,55
109849213,186014,51
109849213,27876224,100
109849213,28987657,61
109849213,29307064,54
109849213,400581208,74
110029642,18317883,71
110029642,22605222,51
110029642,25650033,85
110029642,29718157,100
110029642,4238109,55
110212933,29753810,57
110212933,29759733,52
110212933,29979822,56
110212933,30431376,51
110212933,31789055,59
110212933,36308884,58
110212933,414670068,84
110212933,421423806,96
110212933,421423807,52
110212933,421423808,61
110212933,421563711,77
110212933,421563712,53
110212933,421563713,100
110212933,421563715,60
110212933,421563717,62
110212933,421563718,64
110271291,186016,57
110271291,28798308,55
110271291,30590859,66
110271291,32785674,93
110271291,422429894,100
110271291,431080419,98
110277545,26441330,59
110277545,36587526,56
110277545,403710130,67
110277545,417859631,100
110292679,18094989,57
110292679,26494696,62
110292679,26494698,57
110292679,26494704,100
110292679,28138080,58
110292679,360155,63
110292679,445144811,89
110364891,26612931,61
110364891,26612932,100
110364891,29947420,66
110393997,25706282,54
110393997,25867002,61
110393997,26508186,57
110393997,29724295,81
110393997,355992,100
110393997,424474911,53
110393997,491857,60
110393997,865265,63
110668085,16469427,58
110668085,17800979,55
110668085,28164934,53
110668085,4050398,52
110668085,421423960,53
110668085,424474948,53
110668085,425828457,58
110668085,427142516,57
110668085,546761462,100
110668085,758079,58
110668085,873013,78
110673834,118261,51
110673834,1491212,64
110673834,1648647,89
110673834,20733975,59
110673834,21183821,51
110673834,22588972,56
110673834,22600367,100
110673834,25961283,72
110673834,25993335,59
110673834,27143128,75
110673834,27182195,70
110673834,27867397,64
110673834,29089379,89
110673834,417798673,51
110673834,417798674,70
110673834,417798683,56
110673834,422427950,89
110673834,4321321,51
110673834,445867332,51
110673834,445867333,59
110673834,445867335,59
110673834,464647435,56
110673834,5054649,64
110673834,5054650,59
110673834,5054651,54
110673834,516320048,64
110696055,22807392,66
110696055,25645559,61
110696055,28302835,65
110696055,28302836,57
110696055,28844002,64
110696055,31152778,61
110696055,518895530,100
110696055,524557,74
110696055,532275366,89
110696055,674287,95
110696055,814264,53
110937200,492226789,100
110937881,101178,66
110937881,27571958,58
110937881,27928583,93
110937881,28138493,58
110937881,28255024,61
110937881,28830388,58
110937881,294189,55
110937881,31563193,69
110937881,393685,100
110937881,429459238,64
110937881,480353,63
110937881,84010,55
110961018,1823115,61
110961018,418279934,100
110978356,21616455,54
110978356,35448520,57
110978356,5264799,100
111353707,247512,65
111353707,36872926,100
111365214,100832,64
111365214,110146,60
111365214,111172,63
111365214,112678,100
111365214,113552,57
111365214,115162,64
111365214,115522,52
111365214,115794,61
111365214,118261,57
111365214,120887,68
111365214,122914,65
111365214,141946,57
111365214,147030,52
111365214,152268,97
111365214,152392,56
111365214,153784,70
111365214,156606,55
111365214,157123,61
111365214,158403,67
111365214,158902,58
111365214,174119,61
111365214,174120,63
111365214,18003388,62
111365214,186490,55
111365214,189987,69
111365214,192845,60
111365214,194405,62
111365214,251675,64
111365214,253839,60
111365214,25801025,52
111365214,259365,54
111365214,26018915,57
111365214,26034819,58
111365214,27583525,54
111365214,277766,58
111365214,27874938,57
111365214,27907601,51
111365214,28196465,67
111365214,282273,77
111365214,282561,91
111365214,28302393,61
111365214,295787,57
111365214,295789,54
111365214,30053717,57
111365214,311194,91
111365214,322437,67
111365214,32835286,61
111365214,33211676,60
111365214,332743,68
111365214,339255,51
111365214,34149089,55
111365214,35307626,54
111365214,353734,54
111365214,36190906,69
111365214,362759,64
111365214,379307,71
111365214,458013374,61
111365214,467585022,76
111365214,471411148,52
111365214,5256684,51
111365214,5264840,61
111365214,5275071,69
111365214,5277713,80
111365214,5284527,61
111365214,5284728,54
111365214,65198,61
111365214,65761,56
111365214,67570,63
111365214,87636,57
111365214,94576,75
111419121,210281,64
111419121,26608514,79
111419121,461519787,83
111419121,477320018,53
111419121,5265565,100
111599991,22660765,53
111599991,28680342,51
111599991,455995743,100
111599991,487210208,62
111604357,451113440,55
111604357,468176711,100
111604357,571340214,66
111631848,27533184,58
111631848,530479,100
111631848,539192,87
111968211,446512326,100
111968211,543987399,62
111968211,543987400,51
111968211,710231,83
112001,427016093,100
112001,505451285,56
112027211,30375354,100
112027211,431791916,74
112027211,431794880,87
112027211,431795971,80
112027211,431795987,76
112027211,517567380,75
112027211,548650130,51
112036528,132745,55
112036528,135178,52
112036528,196112,59
112036528,196117,58
112036528,196146,58
112036528,22826919,61
112036528,26322055,51
112036528,26383055,54
112036528,27984273,61
112036528,28377225,100
112036528,32166858,53
112036528,32364409,53
112036528,34696195,64
112036528,431534897,63
112036528,437480755,63
112036528,479665716,69
112036528,479665851,62
112036528,5243182,60
112036528,5243186,54
112036528,530229,51
112036528,862098718,73
112036528,862098719,76
112036528,862102723,75
112055556,238602,61
112055556,40255473,100
112072981,110429,100
112072981,26145725,75
112072981,27902961,74
112072981,285100,58
112072981,34986705,92
112072981,401722035,57
112072981,408277949,57
112072981,413812448,60
112072981,5189762,90
112072981,5267532,57
112078234,108390,80
112078234,204092,53
112078234,30854210,67
112078234,31365499,58
112078234,32922648,54
112078234,33544931,60
112078234,35270988,100
112078234,461083054,58
112078234,5332116,64
112078234,82190,55
112521925,22686954,65
112521925,22690907,100
112521925,22749987,63
112521925,22753458,55
112521925,26141017,72
112521925,26260350,59
112521925,26501306,54
112521925,27969940,58
112521925,28095564,61
112521925,28445990,57
112521925,28445991,65
112521925,29828293,75
112521925,30394823,66
112521925,33085030,76
112521925,33705040,66
112521925,407862870,78
112521925,458725738,69
112521925,597451,60
112521925,631492,60
112521925,642871,82
112521925,838112,82
112521925,838284,79
112521925,838459,99
112537414,18127334,56
112537414,27906573,66
112537414,27937279,60
112537414,28143760,64
112537414,33252967,61
112537414,36492782,60
112537414,421160877,58
112537414,5264842,96
112537414,5264843,100
112537414,65538,78
112537414,705376,60
112548459,22798406,82
112548459,473964224,100
112553361,242929,95
112553361,376426,51
112553361,525278524,100
112562638,22638685,67
112562638,22645576,91
112562638,22727231,68
112562638,26103514,76
112562638,26325751,56
112562638,27937404,61
112562638,28528386,55
112562638,29010008,56
112562638,29444536,63
112562638,31191351,100
112562638,36783007,52
112562638,571213,71
112562638,611923,87
112562638,630003,61
112562638,640545,72
112562638,667765,94
112562638,740530,53
112562638,805197,58
112562638,838112,59
112562638,869576,56
112585091,22775688,64
112585091,22820952,51
112585091,404784667,100
112880575,26209670,52
112880575,28018275,100
112880575,28987195,57
112880575,32408511,53
112880575,32408512,51
112880575,437292573,62
112880575,874111,64
112886994,185811,100
112886994,22706975,79
112886994,22706979,74
112886994,22707009,63
112886994,28151024,74
112886994,33051043,68
112886994,33051055,51
112886994,477982,58
112886994,489970556,64
112890068,1080899,71
112890068,108108,66
112890068,1308232,74
112890068,1439206,69
112890068,16802328,99
112890068,17086544,100
112890068,17617362,81
112890068,18395874,69
112890068,18663561,69
112890068,19519059,78
112890068,19769287,75
112890068,202373,70
112890068,20499708,66
112890068,21110338,65
112890068,21527159,66
112890068,2178067,63
112890068,22210177,72
112890068,226587,65
112890068,2273406,64
112890068,2311530,64
112890068,2520034,81
112890068,2583725,88
112890068,26733007,64
112890068,27598898,68
112890068,2774526,66
112890068,29567189,70
112890068,30635613,78
112890068,30841948,84
112890068,31445554,70
112890068,31445772,91
112890068,394670,78
112890068,39635694,69
112890068,399358391,66
112890068,404783939,68
112890068,404784907,68
112890068,404784908,66
112890068,404784911,64
112890068,406000649,73
112890068,407761576,87
112890068,412175360,67
112890068,437292675,82
112890068,444448144,67
112890068,463157222,69
112890068,482022,74
112890068,633094,70
112893784,1294924388,52
112893784,1302084523,100
112901832,146621,53
112901832,17450009,56
112901832,26193975,58
112901832,27901199,64
112901832,28731045,53
112901832,28731101,77
112901832,28793054,88
112901832,28885088,64
112901832,29378741,97
112901832,30260035,51
112901832,30260037,57
112901832,30373896,68
112901832,30373898,63
112901832,31678007,54
112901832,33987415,82
112901832,37091095,89
112901832,37853864,77
112901832,37856589,52
112901832,37856603,61
112901832,38019312,65
112901832,40047855,60
112901832,431080412,88
112901832,442605011,93
112901832,4457376,61
112901832,4460310,58
112901832,451991545,75
112901832,454438679,80
112901832,466332567,86
112901832,466333622,54
112901832,467590472,55
112901832,5050200,59
112901832,509726624,75
112901832,522631897,54
112901832,523249155,61
112901832,524149626,61
112901832,61011,100
113274035,109215,100
113274035,22736279,62
113537488,21971060,52
113537488,22691529,53
113537488,32013022,56
113537488,32823793,55
113537488,424474911,51
113537488,428642270,54
113537488,437292675,68
113537488,4467486,66
113537488,5041667,100
113537488,79938,61
113586050,16147019,70
113586050,16837515,52
113586050,16957963,58
113586050,19091862,56
113586050,22472887,55
113586050,25498290,56
113586050,26447225,60
113586050,27649067,58
113586050,27867812,52
113586050,28267036,83
113586050,28267256,60
113586050,28267262,55
113586050,28607177,56
113586050,28607179,62
113586050,28804591,55
113586050,28823665,78
113586050,28823669,98
113586050,29023202,59
113586050,33071094,100
113586050,411907924,67
113586050,441437222,58
113586050,69611,51
113920628,1501606,100
113920628,17888356,83
113920628,1938280,58
113920628,27810023,95
113920628,28188247,54
113920628,40147556,75
113920628,441491828,54
113920628,5027083,54
113920628,5027096,54
113920628,5276818,54
113948286,102605,66
113948286,102608,65
113948286,16148503,95
113948286,191161,71
113948286,26427665,100
113948286,26508208,83
113948286,26508216,51
113948286,30039520,54
113948286,34248770,57
113948286,34248780,87
113948286,401822050,56
113948286,5263493,52
113956558,408250378,56
113956558,409872507,100
113956558,455256306,60
113956558,490416076,51
113956558,856722,61
113958827,5056096,64
113958827,5056101,100
113974075,27867507,75
113974075,404465600,100
113974075,419374177,82
113974075,489997089,70
114365451,16493763,98
114365451,16493770,100
114365451,18390665,77
114365451,19620685,61
114365451,27836801,55
114365451,29498725,92
114365451,31546138,53
114365451,31861748,87
114365451,3896970,57
114365451,3915649,58
114365451,3915653,81
114365451,4395608,70
114365451,454828980,53
114389691,22711648,61
114389691,28377111,55
114389691,29775811,59
114389691,29932154,84
114389691,30431838,72
114389691,34364578,54
114389691,36198063,62
114389691,409872504,67
114389691,41644635,85
114389691,444706058,58
114389691,540968,70
114389691,592579,58
114389691,644184,58
114389691,672188,56
114389691,719035,100
114389691,759284,59
114817288,28875230,55
114817288,29572804,66
114817288,33111884,59
114817288,441835088,100
114817288,483937795,68
114817288,493316158,72
114871461,22750773,100
114878870,22682066,99
114878870,26598550,69
114878870,31861331,84
114878870,35804599,59
114878870,531786611,100
114906273,180003,55
114906273,180006,52
114906273,180009,52
114906273,180013,52
114906273,180016,52
114906273,180019,52
114906273,180020,52
114906273,180021,52
114906273,5264842,100
114916646,520459951,100
115090539,34040208,51
115090539,38018832,61
115090539,437605982,74
115090539,446874397,54
115090539,457371506,68
115090539,469699614,55
115090539,470759599,51
115090539,522906950,54
115090539,541039368,100
115239314,1303019309,51
115239314,210599,51
115239314,22702273,54
115239314,22846728,91
115239314,33941710,100
115251166,29715008,81
115251166,425684164,62
115251166,484355767,100
115251166,527148946,58
115257937,381928,52
115257937,382108,100
115271171,27876900,65
115271171,28258935,57
115271171,28258937,65
115271171,29567187,58
115271171,29849349,60
115271171,30070938,67
115271171,32785269,62
115271171,376426,52
115271171,393695,51
115271171,4208429,51
115271171,445464614,59
115271171,446247786,100
115271171,4471288,57
115271171,447925066,57
115279202,186436,58
115279202,186488,62
115279202,186536,100
115279202,186689,79
115279202,186693,77
115279202,186820,91
115279202,187005,68
115279202,187023,65
115279202,187387,53
115279202,187402,58
115279202,187848,55
115279202,187866,79
115279202,26075328,80
115279202,26620756,62
115279202,26620758,76
115279202,26620762,56
115279202,26620790,66
115279202,26620811,66
115279202,308299,62
115279202,64634,64
115281378,27876105,100
115281378,371285,65
115281378,441437133,63
115281378,554055045,51
115302585,28242260,81
115302585,29185036,51
115302585,29592172,52
115302585,29710981,55
115302585,29728121,57
115302585,33004704,63
115302585,33785991,64
115302585,407459698,56
115302585,407677202,59
115302585,407764392,85
115302585,409649830,54
115302585,411356060,79
115302585,412902689,74
115302585,415090405,53
115302585,41640890,53
115302585,418257692,52
115302585,428350825,51
115302585,435307278,59
115302585,443277013,55
115302585,445886059,77
115302585,459953156,61
115302585,461632026,72
115302585,515647696,100
115302585,519420372,52
115302585,529659114,58
115302585,566261001,73
115302585,573587334,71
115304802,115921,63
115304802,158655,54
115304802,167696,54
115304802,186124,63
115304802,22842426,52
115304802,234252,60
115304802,274598,52
115304802,27867507,56
115304802,27970111,56
115304802,28427708,100
115304802,29822690,54
115304802,30432219,60
115304802,308353,52
115304802,31877076,54
115304802,34828971,52
115304802,40140628,60
115304802,402073807,60
115304802,403710395,60
115304802,408332849,58
115304802,415792563,58
115304802,4969817,58
115304802,65766,54
115304802,86959,56
115342987,17687196,100
115625790,29004400,100
115625790,38679532,56
115637156,22635185,100
115637156,22677579,92
115637156,29764559,57
115637156,30854608,75
115637156,426027645,62
115637156,426501183,73
115637156,426502173,56
115637156,437608323,73
115642407,26220354,78
115642407,28987773,55
115642407,34045116,71
115642407,36871044,59
115642407,386175,64
115642407,471987,100
115642407,4888191,64
115652718,29732733,88
115652718,489998494,51
115652718,514765774,100
115686417,1878616,74
115686417,2283006,59
115686417,435288399,55
115686417,92221,100
115955682,22815001,100
115955682,4261576,92
115972353,1217092,76
115972353,17281027,55
115972353,17822810,52
115972353,17822820,72
115972353,21256075,51
115972353,21469678,67
115972353,21971127,52
115972353,22253585,85
115972353,22652544,53
115972353,22668927,60
115972353,22711270,57
115972353,22711286,54
115972353,22714590,76
115972353,22728983,55
115972353,22738903,60
115972353,22771704,60
115972353,22781037,61
115972353,22821214,68
115972353,22821216,70
115972353,26095964,78
115972353,26110707,51
115972353,26115846,54
115972353,26116341,71
115972353,26121811,55
115972353,26313892,67
115972353,26393865,51
115972353,26521418,63
115972353,26607463,52
115972353,27090427,54
115972353,27090428,51
115972353,27090430,66
115972353,27090435,69
115972353,27090437,54
115972353,27629423,62
115972353,27676715,56
115972353,27804984,58
115972353,27809039,79
115972353,28018269,64
115972353,28187955,62
115972353,28707863,52
115972353,28786930,56
115972353,28825296,57
115972353,28830013,57
115972353,29129619,67
115972353,29129620,90
115972353,29460082,87
115972353,29546065,67
115972353,29709805,67
115972353,30590158,56
115972353,30590159,53
115972353,30590161,53
115972353,30706080,55
115972353,30967498,51
115972353,31704050,53
115972353,32046764,60
115972353,32192451,64
115972353,33071068,66
115972353,33469856,58
115972353,33728701,52
115972353,35023404,57
115972353,35023405,53
115972353,35023413,58
115972353,406716925,83
115972353,4089553,77
115972353,4226232,55
115972353,433307,52
115972353,461811935,83
115972353,462516170,58
115972353,467665047,53
115972353,469955,58
115972353,682134,56
115972353,714434,61
115972353,794035,73
115972353,794058,55
115972353,794062,61
115972353,794080,68
115972353,794084,63
115972353,794097,61
115972353,794134,51
115972353,794137,55
115972353,794154,62
115972353,794197,100
115972353,794205,83
115972353,794267,51
115972353,794276,67
115972353,803181,58
115972353,805122,85
115972353,836625,65
115972353,836631,51
115976366,162664,100
115976366,190072,63
115976366,25727024,68
115976366,33911781,88
1162022,27955676,100
1162022,990027,52
116282258,27404999,68
116282258,3563278,64
116282258,425710166,61
116282258,440208439,100
116447487,1303026554,71
116447487,1303027538,57
116447487,28018356,52
116447487,28593031,54
116447487,31053385,66
116447487,33955321,67
116447487,34468877,61
116447487,437856688,100
116447487,474574257,58
116447487,501467935,56
116647173,22742077,67
116647173,27548281,61
116647173,27594409,55
116647173,28302837,59
116647173,28406557,51
116647173,28563201,79
116647173,28815202,61
116647173,28819129,57
116647173,28949670,68
116647173,29027453,66
116647173,29713638,85
116647173,30064088,79
116647173,30854608,100
116647173,31478519,67
116647173,37720832,71
116647173,37722848,65
116647173,405485164,60
116647173,426850013,60
116647173,534065323,69
116647173,593814,53
116647173,593955,54
116647173,657666,58
116647173,719035,66
116647173,775870,54
116647173,815267,73
116662340,247516,53
116662340,251205,89
116662340,28828196,53
116662340,29844833,56
116662340,29922825,61
116662340,340868,68
116662340,35847622,57
116662340,406346185,61
116662340,448144321,56
116662340,5258792,100
116662340,5260841,96
116662340,5260847,67
116662340,5267884,69
116688114,34338167,100
116688114,744722,69
116729235,142944,86
116729235,254278,60
116729235,29771418,100
116729235,379785,54
116729235,442760,58
116729235,92225,63
116992415,441120217,100
116998479,1424860,100
116998479,1424875,63
116998479,1992674,67
116998479,33337284,53
117016296,26468277,51
117016296,27836801,60
117016296,27876189,63
117016296,28464867,85
117016296,28464869,80
117016296,31917093,69
117016296,33682582,70
117016296,3880653,100
117016296,409872417,68
117021184,399340066,100
117046272,21274445,56
117046272,22779933,64
117046272,32743520,65
117046272,32857600,59
117046272,488641583,63
117046272,491007,59
117046272,498828,53
117046272,562699217,100
117058789,28152317,98
117058789,28152318,66
117058789,28377202,100
117058789,28377208,78
117058789,28798308,66
117058789,29401199,51
117058789,300136,74
117058789,32317208,68
117058789,33418857,66
117058789,33479465,75
117058789,33479997,72
117058789,33497028,68
117058789,34200225,70
117058789,4901137,64
117058789,64634,55
117293994,229443,92
117293994,39227390,75
117293994,456175221,100
117311588,17281175,52
117311588,18860373,52
117311588,21304046,68
117311588,21304231,99
117311588,21304233,80
117311588,21611685,63
117311588,21611686,51
117311588,21611703,61
117311588,21611706,62
117311588,21965518,51
117311588,21965523,61
117311588,21970664,90
117311588,22635559,100
117311588,26247684,53
117311588,28524876,58
117311588,28773577,62
117311588,4235737,81
117312120,28427763,74
117312120,29328045,68
117312120,33343588,53
117312120,435288235,52
117312120,456185548,100
117312120,526470317,52
117312120,526470318,62
117312120,545314781,52
117365004,28535311,100
117365004,447925066,61
117402123,25638438,94
117402123,400579207,100
117557848,1695819,100
117557848,1696812,89
117557848,21162442,61
117557848,21616330,69
117593508,26443268,100
117593508,27808044,52
117593508,30798035,59
117593508,31246106,67
117593508,32192436,80
117593508,32507038,84
117593508,33682738,55
117593508,33682913,71
117593508,35779332,98
117593508,404543135,85
117593508,409872504,69
117593508,430026722,78
117593508,435307370,77
117593508,449565905,54
117593508,458012938,76
117593508,458016015,59
117593508,460075883,52
117875322,36471573,100
117875322,387492,53
117887778,188567,100
117956436,1605943,91
117956436,1926723,58
117956436,22006156,62
117956436,27708297,65
117956436,4875715,100
118157579,1295027943,63
118157579,28499458,60
118157579,34516379,100
118157579,34516386,54
118157579,402073943,74
118298622,27646203,67
118298622,34383401,89
118298622,399343843,78
118298622,419254599,100
118298622,557474,98
118353890,488654566,100
118784362,28226055,100
118800670,202373,53
118800670,436668981,100
118800670,447926067,55
118800670,447939749,55
11905077,31654455,100
11905737,1377231,60
11905737,17177324,86
11905737,27238853,69
11905737,413812606,86
11905737,445867332,71
11905737,516358164,100
119058261,26060065,51
119058261,29307041,68
119058261,30474864,51
119058261,30612793,59
119058261,31545736,100
119058261,32803372,53
119058261,3406918,68
119058261,34690389,96
119058261,404182830,75
119058261,4129979,70
119058261,418602088,52
119058261,429461477,60
119058261,5052238,67
11906278,16847751,62
11906278,28030062,56
11906278,29423160,70
11906278,29775865,66
11906278,4397005,100
119065603,21312012,74
119065603,405778,100
119813439,28310901,85
119813439,41654431,100
119813439,423015410,74
119945926,38679532,100
119945926,41632419,64
119945926,811721,52
120399738,16677649,100
120399738,21793239,55
121085348,1294899029,57
121085348,208902,63
121085348,254093,100
121085348,400579200,59
121085348,41641585,55
121085348,512727331,72
121085348,521780143,57
121085348,531051217,51
121085348,543798652,64
123085009,1079268,51
123085009,1079283,52
123085009,18001009,86
123085009,22088689,55
123085009,23012737,51
123085009,27137284,63
123085009,27152237,84
123085009,27471628,76
123085009,4898499,62
123085009,4920727,66
123085009,5057793,66
123085009,584155,65
123085009,70288,64
123085009,88137,100
123676123,63627,100
12368394,1201563,88
12368394,1201601,88
12368394,1354190,88
12368394,1354242,77
12368394,1354489,88
12368394,1354516,88
12368394,1462987,88
12368394,16468500,100
12368394,16468505,88
12368394,17690713,88
12368394,17708846,88
12368394,17708856,88
12368394,17714189,88
12368394,17714196,88
12368394,18053337,88
12368394,18053339,88
12368394,18093329,88
12368394,18093333,88
12368394,18291335,88
12368394,18291351,88
12368394,1876958,88
12368394,1876973,88
12368394,19026752,88
12368394,19188132,88
12368394,19574406,88
12368394,19892229,88
12368394,19892241,88
12368394,2014320,88
12368394,2014321,88
12368394,20207159,88
12368394,20207163,88
12368394,20720329,88
12368394,20720357,88
12368394,21126957,100
12368394,21218354,88
12368394,22736340,88
12368394,22844228,88
12368394,26355338,88
12368394,26355354,88
12368394,26429184,88
12368394,26464074,88
12368394,26464076,88
12368394,27646215,88
12368394,27646775,88
12368394,28164935,88
12368394,28283499,88
12368394,28617443,88
12368394,28629166,88
12368394,29045625,88
12368394,29203539,88
12368394,29540091,88
12368394,3031874,88
12368394,30612376,88
12368394,30612390,88
12368394,32102404,88
12368394,3231374,88
12368394,3231413,88
12368394,33527503,88
12368394,385397,88
12368394,385554,55
12368394,3942587,88
12368394,3947466,88
12368394,3947469,88
12368394,4143134,88
12368394,4283625,88
12368394,4342015,88
12368394,4353360,88
12368394,4353395,88
12368394,4471062,88
12368394,5129110,88
12368394,5381899,88
12368394,718175,88
125835949,108245,64
125835949,22663110,56
125835949,25727803,64
125835949,28152930,61
125835949,28240028,86
125835949,30569201,100
125835949,31967094,55
125835949,32272126,52
125835949,32897777,59
125835949,35448725,63
125835949,399343445,54
125835949,40147554,65
125835949,4064247,54
125835949,408140418,53
125835949,419254443,51
125835949,426852063,61
125835949,439121070,54
125835949,440207933,61
125835949,475541,62
125835949,475563,56
125912543,149750,57
125912543,17241403,63
125912543,184467,65
125912543,25706285,70
125912543,26830208,63
125912543,27908082,74
125912543,28188427,68
125912543,28315291,54
125912543,28577126,64
125912543,28832292,54
125912543,28977959,52
125912543,29449918,58
125912543,29535958,52
125912543,29732300,52
125912543,31062977,52
125912543,32823722,55
125912543,34017157,54
125912543,34923862,52
125912543,35618493,69
125912543,412902950,60
125912543,413961906,54
125912543,415853233,52
125912543,416388799,100
125912543,41652123,55
125912543,41664658,52
125912543,418603077,51
125912543,420400979,55
125912543,420401986,61
125912543,424496171,56
125912543,429450330,54
125912543,429482204,57
125912543,440239071,60
125912543,454794214,52
125912543,512499330,78
125912543,5341517,54
126243265,103137,52
126243265,1219813,56
126243265,19053304,58
126243265,2011029,52
126243265,25706279,86
126243265,25888718,60
126243265,25888723,52
126243265,27510434,58
126243265,27583075,54
126243265,27583077,82
126243265,29378547,90
126243265,297754,56
126243265,29809063,54
126243265,30841619,84
126243265,30841627,86
126243265,32823791,88
126243265,32823792,90
126243265,32823793,90
126243265,32823796,72
126243265,32823797,80
126243265,32823798,100
126243265,34248486,74
126243265,36199725,68
126243265,380270,54
126243265,385322,56
126243265,385360,58
126243265,40255376,58
126243265,442869270,52
126243265,466122659,72
126243265,532415949,54
128346695,1859321,100
1289882732,28496172,100
1289882732,543987400,51
1292338777,473742881,100
1292338777,473817010,66
1292338777,487003521,58
1292338777,487003522,58
129405727,28234118,53
129405727,28577370,74
129405727,28577371,69
129405727,28577373,87
129405727,29593776,86
129405727,33051670,61
129405727,357253,80
129405727,357273,75
129405727,357282,77
129405727,357286,73
129405727,357292,70
129405727,357301,74
129405727,357305,73
129405727,357319,79
129405727,357323,69
129405727,357326,70
129405727,357335,70
129405727,357339,71
129405727,357346,70
129405727,357348,76
129405727,357351,74
129405727,357353,70
129405727,357358,78
129405727,357362,70
129405727,357424,56
129405727,406347915,65
129405727,412902621,61
129405727,415793276,100
129405727,427416207,72
129405727,431357123,69
129405727,441491829,69
129405727,447280307,69
129405727,77696,70
129405727,77711,69
129405727,77717,63
129405727,77734,85
129405727,77739,52
129405727,77742,76
129405727,77750,76
129405727,77768,96
129405727,77805,81
1295085394,1791490,75
1295085394,199766,75
1295085394,233293,75
1295085394,29750825,75
1295085394,356756,75
1295085394,436446414,100
1295085394,5269540,75
1295085394,540721102,75
1298307372,472137906,100
1298307372,544151503,69
132682403,16502021,72
132682403,21970583,52
132682403,28310679,80
132682403,35804603,100
1330844092,1297486087,100
1330844092,1321382642,51
1337833355,1059001,58
1337833355,1220092,64
1337833355,1301304,70
1337833355,16492981,61
1337833355,16501893,67
1337833355,1673809,52
1337833355,16955232,70
1337833355,1711120,97
1337833355,17266043,61
1337833355,17380577,64
1337833355,17380614,97
1337833355,17380758,91
1337833355,17832163,58
1337833355,18031889,73
1337833355,18031890,91
1337833355,18093962,58
1337833355,18166883,85
1337833355,18284715,70
1337833355,18367841,76
1337833355,18516068,58
1337833355,19155336,55
1337833355,19155372,64
1337833355,19155383,94
1337833355,19155394,61
1337833355,19155395,70
1337833355,19163785,58
1337833355,19167992,94
1337833355,19291617,64
1337833355,2009818,58
1337833355,2014124,58
1337833355,20715547,64
1337833355,20715556,70
1337833355,21312093,52
1337833355,21406133,79
1337833355,21406135,76
1337833355,21406141,67
1337833355,21406203,85
1337833355,21433171,82
1337833355,21433197,73
1337833355,21471200,76
1337833355,21615094,82
1337833355,21615100,67
1337833355,21616330,67
1337833355,21965206,55
1337833355,2416416,67
1337833355,26165023,85
1337833355,26199446,70
1337833355,26367038,67
1337833355,26397253,73
1337833355,26740580,58
1337833355,26830254,58
1337833355,27044737,58
1337833355,27087563,85
1337833355,27542599,70
1337833355,27542600,76
1337833355,27591140,52
1337833355,27764164,58
1337833355,27807765,67
1337833355,27907922,61
1337833355,27907936,94
1337833355,28455013,76
1337833355,28837223,79
1337833355,28864860,61
1337833355,2924840,58
1337833355,29713596,58
1337833355,31192928,64
1337833355,31426418,58
1337833355,33668819,58
1337833355,3564484,64
1337833355,3564489,91
1337833355,36019431,76
1337833355,36019432,73
1337833355,3817684,67
1337833355,3894447,58
1337833355,3920358,76
1337833355,3952314,88
1337833355,3952781,82
1337833355,405242217,70
1337833355,4153366,64
1337833355,4170362,58
1337833355,4170375,58
1337833355,417953454,73
1337833355,424084504,100
1337833355,425298057,52
1337833355,4278394,91
1337833355,4278446,76
1337833355,4278544,76
1337833355,4340438,67
1337833355,434656828,58
1337833355,441612583,58
1337833355,4425056,64
1337833355,443794,79
1337833355,443826,85
1337833355,453491905,55
1337833355,5041067,61
1337833355,5054358,64
1337833355,5201824,70
1337833355,574930143,58
133938471,1313402561,100
133938471,1318306207,83
1342144530,1309261837,98
1342144530,16646457,57
1342144530,16807211,62
1342144530,17822745,57
1342144530,22730559,75
1342144530,386854,51
1342144530,386942,67
1342144530,405079779,95
1342144530,422094252,68
1342144530,4278879,100
1342144530,461906367,53
1342144530,5048305,68
1342144530,533455561,56
1342144530,865675678,53
1348892633,476987441,100
1349467382,29457750,100
1349467382,450048112,85
1360942256,1296550397,51
1360942256,21469678,58
1360942256,22722394,62
1360942256,25906119,85
1360942256,479980004,100
1360942256,481853638,62
1360942256,545350942,94
1364966000,30512459,100
1366505996,27488652,58
1366505996,421563601,55
1366505996,421563605,100
1366505996,526413065,66
1373674507,554245069,100
1373674507,571534645,51
1373674507,574533103,80
1373674507,862099184,51
1377394984,4874734,100
1377715200,1319803557,98
1377715200,29771462,78
1377715200,30352891,91
1377715200,432792129,89
1377715200,468007598,57
1377715200,469010924,53
1377715200,547971220,100
1377715200,566442496,57
1380489352,1293886117,55
1380489352,28457119,66
1380489352,30987293,55
1380489352,422094379,66
1380489352,459942286,59
1380489352,461525011,62
1380489352,465920482,55
1380489352,468514281,51
1380489352,485232943,51
1380489352,519207019,55
1380489352,534539367,55
1380489352,539941039,70
1380489352,542690276,55
1380489352,545589259,62
1380489352,545590290,62
1380489352,545590291,59
1380489352,548648087,100
1380489352,548649093,85
1380489352,548650088,51
1380489352,548651095,81
1380489352,550136151,70
1380489352,550136152,81
1380489352,550138132,81
1380489352,553755659,66
1380489352,553813030,55
1380489352,557581476,55
1380489352,562594322,66
1380489352,566519012,74
1380489352,571566108,51
1380489352,573583409,59
1380489352,573583410,51
1386729,1301322,52
1386729,17166435,56
1386729,17270708,51
1386729,17678527,64
1386729,18304494,52
1386729,1869722,52
1386729,19053235,100
1386729,19053278,71
1386729,19053284,53
1386729,19053306,85
1386729,19053350,85
1386729,19163447,51
1386729,20503570,57
1386729,21535819,53
1386729,21535899,71
1386729,21969666,56
1386729,21970663,62
1386729,22450325,51
1386729,22450331,60
1386729,22469987,56
1386729,22601946,64
1386729,22630439,57
1386729,26215207,54
1386729,27607308,64
1386729,27698377,56
1386729,27785130,52
1386729,3406250,53
1386729,3951381,55
1386729,413834572,55
1386729,4236326,51
1386729,4334335,79
1386729,4334368,91
1391218394,1311345075,63
1391218394,171610,100
1391218394,30394219,72
1391218394,33471237,54
1391218394,426881213,72
1391218394,426881214,72
1391218394,426881215,72
1391218394,426881216,72
1391218394,426881217,72
1391218394,426881218,72
1391218394,426881219,72
1391218394,426881220,72
1391218394,426881221,72
1391218394,426881222,72
1391218394,504215886,72
1391218394,562675545,72
1392030423,549664204,100
1415963290,5039216,100
1425510001,17706562,100
1425510001,551583323,54
1427064287,1307376239,100
1427064287,31545274,55
1479072408,1296583188,100
1479072408,1321385420,96
1479072408,408332757,60
1479072408,4875075,80
1479072408,502103677,65
1479072408,546279760,56
1479072408,569214247,54
1515225588,1301907020,51
1515225588,1303026220,74
1515225588,18939899,54
1515225588,29592019,66
1515225588,33599360,75
1515225588,34228330,57
1515225588,456175653,100
1515225588,486111543,99
1515225588,488641796,57
1515225588,502706223,55
1515225588,503528951,85
1515225588,65536,67
1515225588,65766,70
1516635426,30569197,100
1516635426,5041667,68
1520829496,1305365922,61
1520829496,1320938750,59
1520829496,30854398,89
1520829496,405987118,69
1520829496,418602088,83
1520829496,525243311,67
1520829496,546948647,100
1521375632,28828196,100
1521375632,404465465,85
1534567001,452595005,91
1534567001,479370549,85
1534567001,539181601,100
1538125108,474739199,100
1538125108,865048551,100
1554410199,1293951668,100
1554410199,26084027,62
1554410199,4930981,53
1554410199,494645652,61
1557968072,1296183607,71
1557968072,1302910814,95
1557968072,34383004,75
1557968072,38592976,64
1557968072,574566207,100
1579418640,1309814122,100
1579418640,30814948,100
1579418640,32408466,66
1579418640,33296963,66
1579418640,391547,66
1579418640,404460982,66
1579418640,427017747,66
1579418640,446945464,100
1579418640,862913419,66
1595348016,1296550039,100
1595348016,541687281,100
1595528248,1302200013,100
1595528248,1317554448,80
1595528248,1317665936,70
1595528248,540336425,70
1607362031,4173190,74
1610271687,394670,100
1619930,209421,51
1619930,21698695,70
1619930,22829917,51
1619930,22829926,89
1619930,22829928,74
1619930,22829931,59
1619930,22829933,56
1619930,22829983,63
1619930,22829989,53
1619930,22830021,52
1619930,25972945,53
1619930,27946939,100
1619930,2924073,58
1619930,5312541,53
1619930,5312551,56
1619930,5312691,57
1619930,5312836,61
1638187546,28315295,80
1638187546,462391069,100
1652880301,506094567,100
17450064,18414815,85
17450064,22677451,52
17450064,22684230,67
17450064,22684242,55
17450064,22709630,52
17450064,22716867,57
17450064,22717166,67
17450064,22760367,72
17450064,22760391,65
17450064,246550,65
17450064,26440340,55
17450064,26440341,55
17450064,27556437,77
17450064,27556438,57
17450064,27556439,67
17450064,27797708,67
17450064,27808553,60
17450064,27876927,60
17450064,28496172,95
17450064,28605055,87
17450064,28642881,55
17450064,29129990,72
17450064,29378593,72
17450064,29393545,52
17450064,29422024,72
17450064,29436904,57
17450064,29444047,52
17450064,29567546,72
17450064,29593004,62
17450064,296722,72
17450064,29713624,95
17450064,29812320,67
17450064,29984349,57
17450064,30070830,70
17450064,305190,65
17450064,30953371,62
17450064,31384771,52
17450064,31546091,57
17450064,31889968,77
17450064,31889969,72
17450064,32217108,67
17450064,33510199,52
17450064,37764344,55
17450064,406716115,90
17450064,406716117,55
17450064,409647563,75
17450064,410082,55
17450064,410801745,57
17450064,411314656,65
17450064,411314657,80
17450064,411315632,55
17450064,425280053,72
17450064,432464509,62
17450064,445845859,60
17450064,4887723,60
17450064,4887746,72
17450064,515481072,100
17876290,25730757,100
17876290,27955653,53
17876290,27955654,55
17876290,28456751,63
17876290,308353,87
17876290,32192436,62
17876290,40147554,58
17876290,437387277,61
17876290,536099160,69
19321668,1646740,53
19321668,229594,100
19321668,28009327,60
19321668,28793502,57
19321668,28977819,85
19321668,4282744,57
19529244,26620819,59
19529244,27650582,98
19529244,441491167,52
19529244,5051247,100
19552700,26092774,56
19552700,26508242,100
19552700,29429748,56
19552700,34200930,81
19552700,5239356,51
19552700,5259321,62
19638252,256093,55
19638252,26297743,55
19638252,464397984,100
19638252,488641750,65
19701601,31445772,100
19701601,326698,95
19701601,326703,97
19701601,375019,57
19787526,31721557,75
19787526,437250505,100
19787526,494348533,90
2064062,3029895,100
2220342,120813,82
2220342,16660836,81
2220342,189692,69
2220342,22305184,82
2220342,27759597,100
2220342,27759598,96
2220342,27759599,95
2220342,27759600,99
2220342,27759601,91
2220342,27759602,88
2220342,27759603,85
2220342,27759604,80
2220342,27759605,76
2220342,27759606,73
2220342,27759607,73
2220342,27759608,74
2220342,27759609,72
2220342,27759610,72
2220342,27808104,72
2220342,27808109,85
2220342,27808110,77
2220342,29535531,88
2220342,4341314,91
2220342,5039619,70
2220342,5057030,76
247154109,28188385,55
247154109,28765208,56
247154109,29401512,63
247154109,29771067,54
247154109,34380993,100
247154109,412187499,73
247743116,1301572795,53
247743116,1301674242,86
247743116,1301674246,56
247743116,22766031,53
247743116,22766037,96
247743116,22766039,76
247743116,28219120,53
247743116,28234322,53
247743116,29449254,63
247743116,29710954,53
247743116,29922930,56
247743116,34002696,83
247743116,39224659,53
247743116,40729725,56
247743116,40915589,53
247743116,425280309,86
247743116,450224571,53
247743116,450224572,53
247743116,450224574,53
247743116,450224575,56
247743116,450224578,100
247743116,450224805,53
247743116,474932897,53
247743116,479764518,66
247743116,479764520,53
247743116,479764523,53
247743116,479764527,56
247743116,484721433,53
247743116,497745394,70
247743116,499793163,73
247743116,503268063,83
247743116,526904558,73
247743116,528271241,66
247743116,528271243,66
247743116,529391917,53
248110459,170749,97
248110459,33004868,54
248110459,357424,65
248110459,357430,57
248110459,443860,100
248158319,26075391,53
248158319,26075394,100
248158319,26075395,56
248158319,26075399,52
248158319,374940,58
248158319,374958,51
248158319,375173,52
248158319,375180,51
248158319,375340,51
248158319,375420,63
248158319,375423,96
248158319,375427,73
250074680,399367379,100
251743307,185922,82
251743307,27597811,56
251743307,2869799,100
251743307,4127846,83
251743307,422094326,63
252136079,1903007,100
254082421,442869203,86
254082421,490238678,100
260750041,1127641,54
260750041,1145195,54
260750041,1145216,59
260750041,167629,59
260750041,16850429,100
260750041,17678527,71
260750041,18094919,64
260750041,18095001,59
260750041,18095027,52
260750041,18095043,61
260750041,18095057,59
260750041,18095077,83
260750041,18188074,52
260750041,18260459,54
260750041,1868520,52
260750041,19455185,54
260750041,21052194,69
260750041,26292447,52
260750041,28380013,52
260750041,2872255,64
260750041,29234435,61
260750041,31932932,52
260750041,3882723,52
260750041,394850,52
260750041,4237846,61
260750041,4238134,64
260750041,4280538,59
260750041,4285140,59
264760445,5085650,100
264760445,546730634,55
264777100,373525,53
264777100,376994,100
265028902,180009,70
265028902,180016,64
265028902,180023,80
265028902,180033,58
265028902,180037,86
265028902,5280315,99
265028902,93943,100
266035987,22822312,60
266035987,22822315,57
266035987,22822318,75
266035987,27836461,60
266035987,27896019,68
266035987,33599024,51
266035987,421423099,71
266035987,4875724,57
266035987,5254066,57
266035987,632391,51
266035987,632397,60
266035987,632425,52
266035987,632452,88
266035987,632730,51
266035987,632767,65
266035987,632799,77
266035987,632815,55
266035987,632821,51
266035987,632829,60
266035987,632832,62
266035987,632840,72
266035987,632875,65
266035987,632886,77
266035987,632889,60
266035987,632893,60
266035987,632950,58
266035987,632959,71
266035987,633007,54
266035987,633074,60
266035987,633082,55
266035987,633094,68
266035987,633106,57
266035987,633113,100
266035987,633116,64
266035987,633140,74
266035987,633259,65
266035987,633288,60
266035987,633294,54
266035987,633297,58
266035987,633330,54
267641101,203935,55
267641101,26344098,72
267641101,28786809,100
267641101,495542379,56
268026944,1293886117,51
268026944,194478,54
268026944,20952124,60
268026944,26123335,51
268026944,28425237,57
268026944,30070493,60
268026944,33233915,51
268026944,38391781,72
268026944,393643,100
268026944,413812448,100
268026944,460936830,69
268026944,465920905,51
268026944,4907915,51
268026944,534542079,54
268026944,541687281,57
268026944,571338279,51
268026944,571340214,75
268424272,167799,79
268424272,26116350,100
268424272,28095564,84
268424272,29217453,53
268424272,32102333,60
268424272,34586919,84
268424272,4875075,59
269023729,505885317,100
269474364,17166387,64
269474364,17166435,70
269474364,17166530,96
269474364,17244096,60
269474364,17276521,62
269474364,17449591,52
269474364,1809431,56
269474364,1935910,53
269474364,19545432,76
269474364,19545433,73
269474364,21256236,56
269474364,21256582,52
269474364,21611685,75
269474364,21611705,97
269474364,21616330,66
269474364,26201875,52
269474364,26201959,66
269474364,26289183,61
269474364,28562142,60
269474364,28748876,56
269474364,28748877,52
269474364,29381020,55
269474364,31851302,74
269474364,31917093,58
269474364,354484,58
269474364,354520,68
269474364,3896970,73
269474364,3915649,66
269474364,4004136,70
269474364,4012275,53
269474364,4020799,54
269474364,413830994,65
269474364,420134392,78
269474364,4208429,100
269474364,95871,68
269474364,997939,60
270005573,22802975,53
270005573,22802977,56
270005573,22803154,60
270005573,28827536,63
270005573,417953659,56
270005573,422094252,84
270005573,422104138,98
270005573,865245,100
270698064,18621736,78
270698064,21162546,52
270698064,21162622,60
270698064,21162694,57
270698064,21162699,55
270698064,21162701,55
270698064,21162706,55
270698064,22744978,100
270698064,26247684,65
270698064,26247685,51
270698064,28256497,61
270698064,29539124,99
270698064,31140513,75
270698064,31246239,53
270698064,411315620,81
270698064,411315622,59
270698064,4335592,51
270698064,5042271,57
270698064,806114,89
270698064,815138,72
270698064,815170,69
270886242,404465600,59
270886242,421423806,100
2717589,1300380663,65
2717589,167916,74
2717589,18795423,89
2717589,209533,51
2717589,25650032,61
2717589,27588693,92
2717589,299466,82
2717589,386691,64
2717589,429460405,73
2717589,437387277,100
274657785,348060,100
274657785,356760,64
2747182,1218464,56
2747182,1931747,58
2747182,2061452,76
2747182,26624725,55
2747182,5064939,75
2747182,574935892,100
274729259,479938130,100
275069265,27747326,83
275069265,28587882,73
275069265,34200503,54
275069265,41642352,100
275069265,4235737,67
275069265,442869201,75
275069265,442869204,51
275069265,486999661,85
275069265,489997113,61
275273683,167694,55
275273683,167737,51
275273683,167747,69
275273683,167802,77
275273683,167880,67
275273683,168053,66
275273683,168087,52
275273683,168089,58
275273683,168097,54
275273683,168141,56
275273683,168147,53
275273683,26508186,58
275273683,27646202,61
275273683,27808295,60
275273683,28193076,51
275273683,28310921,52
275273683,28310922,58
275273683,28310930,52
275273683,29572804,72
275273683,29593807,51
275273683,29805698,53
275273683,34923114,55
275273683,35476048,83
275273683,35476049,72
275273683,35678973,98
275273683,357312,56
275273683,36496758,98
275273683,37778314,54
275273683,413831193,70
275273683,417594432,52
275273683,417595383,70
275273683,417595384,82
275273683,417595385,83
275273683,417595386,82
275273683,437608773,66
275273683,448317748,54
275273683,458238990,58
275273683,488667582,64
275273683,500913929,72
275273683,502103677,60
275273683,513360721,59
275273683,519374870,100
275273683,519374975,61
275273683,519376079,90
275273683,519377809,68
275273683,533774414,64
275273683,536502758,51
275273683,571338083,59
276437251,28283402,100
276437251,28493979,57
276437251,4386589,53
276437251,486194214,62
276437251,489768231,51
276437251,539183,83
276936601,167802,97
276936601,168053,61
276936601,26031014,53
276936601,26508186,61
276936601,29724292,51
276936601,357263,100
276936601,357268,51
276936601,357279,52
276936601,411314656,55
276936601,411314659,60
276936601,411315635,60
276936601,467164344,71
276936601,5269027,56
276936601,5278188,52
276936601,5279714,97
276936601,5279718,56
276936601,5279721,65
276936601,5279722,66
276936601,63624,65
276936601,63627,59
276936601,63683,60
276936601,77139,53
276936601,77169,53
279163426,27989906,81
279163426,3555803,100
279216967,26214459,52
279216967,27594382,65
279216967,28240590,60
279216967,36199530,53
279216967,459000945,100
282658169,22685552,65
282658169,22814479,53
282658169,26484347,67
282658169,28188427,72
282658169,28665577,51
282658169,29122179,65
282658169,296958,76
282658169,34324017,51
282658169,411356221,74
282658169,424057340,76
282658169,426881647,55
282658169,428203967,83
282658169,430053309,58
282658169,461503028,62
282658169,466844094,90
282658169,469341528,76
282658169,476638472,100
282658169,512396515,79
283624286,116101,86
283624286,27876900,96
283624286,27896380,57
283624286,27927916,52
283624286,29999522,59
283624286,31721544,58
283624286,35041000,99
283624286,393677,93
283624286,393688,99
283624286,410714751,54
283624286,425744491,79
283624286,453151709,55
283624286,5256737,63
283624286,64800,61
283624286,95570,68
283624286,95626,98
283624286,95858,92
283624286,95871,100
283624286,95874,62
283624286,95875,98
283624286,95881,56
283624286,95883,58
283624286,95884,85
283624286,95885,81
283624286,95887,81
283624286,95891,51
283991994,26116195,92
283991994,28287034,85
283991994,28546232,100
283991994,28546233,64
283991994,29715876,92
283991994,30496829,64
283991994,33911397,64
283991994,407677280,100
283991994,419116066,71
283991994,469744811,57
283991994,487598990,57
283991994,5346065,92
283991994,5346079,85
283991994,536099159,85
284110434,22695724,100
284110434,22695727,58
284110434,22695783,59
284110434,28406422,66
284110434,28726980,74
284110434,30482048,57
284110434,31517158,88
284110434,368768,52
284110434,38679056,69
292154191,29777434,100
292154191,31967033,62
292154191,502239009,59
294623337,29544873,65
294623337,29544874,60
294623337,29544875,58
294623337,29544878,51
294623337,33522302,77
294623337,34723432,51
294623337,409646098,51
294623337,418602611,65
294623337,419596436,58
294623337,419596437,87
294623337,419596439,53
294623337,419596444,62
294623337,466795245,53
294623337,469699041,63
294623337,503268244,65
294623337,503268245,58
294623337,544000397,100
294623337,545590290,51
294623337,545590291,53
294623337,545592271,51
294623337,548648087,53
294623337,550136151,75
294623337,550136152,72
294623337,550138132,81
294623337,557579069,62
295850300,19945727,100
295850300,456163812,56
295850300,4878122,94
296329191,26454217,72
296329191,26454218,100
296329191,482636962,87
296490492,1294899029,55
296490492,1296550226,59
296490492,1308819790,59
296490492,28285910,54
296490492,404182809,54
296490492,41664255,100
296490492,467599383,55
296490492,475215118,63
296490492,566435601,61
29761590,27571867,52
29761590,407039146,51
29761590,411921707,58
29761590,462686465,69
29761590,516657051,100
29761590,527684994,74
29761590,571074019,89
29761590,571340214,69
314088075,475072295,100
315011211,28528420,66
315011211,31654326,61
315011211,427142242,57
315011211,474574924,53
315011211,503127102,100
315011211,515796147,61
315011211,536099043,60
315440041,33206214,100
31600445,18495538,65
31600445,28457092,51
31600445,406112478,51
31600445,5054667,100
31600445,5055029,63
31600445,803985,73
318847876,5248666,100
320011488,440759265,100
320232179,468490563,100
320232179,536622304,76
322603784,27570661,58
322603784,417247157,81
322603784,452601715,59
322603784,452601717,58
322603784,452608644,100
322603784,452608646,68
322603784,480648687,63
334149481,19090223,56
334149481,440310549,100
334149481,467665549,66
334149481,467665551,52
334149481,467665553,86
334149481,467665557,65
334149481,467665558,79
334149481,469249412,91
334149481,476553586,59
334149481,476598016,52
342172267,1394136,69
342172267,17249450,51
342172267,28884054,61
342172267,41670344,78
342172267,439142625,57
342172267,484981013,57
342172267,488961721,100
342172267,489193378,57
3453224,25906126,70
3453224,28232260,56
3453224,31152110,80
3453224,525358643,51
3453224,537537782,100
3453224,543340589,60
35284864,1206866,60
35284864,16139392,100
35284864,30621819,56
35284864,430297530,63
35284864,435289279,70
354915794,465194052,53
354915794,477863223,61
354915794,479506233,58
354915794,480152197,53
354915794,480685942,87
354915794,490686447,100
354915794,864777745,57
355785139,31877416,100
355785139,451965199,68
355785139,463180012,100
355785139,468423427,59
355785139,483937795,80
355785139,490106148,72
358864564,5264842,67
358864564,5264843,100
359636442,1415599,100
365104855,29800715,51
365104855,40147554,81
365104855,424264505,100
36554272,22766974,100
367466305,18094919,56
367466305,18095043,54
367466305,18095092,62
367466305,25867002,80
367466305,28923458,100
367466305,29567189,51
367466305,447925058,64
367466305,447925059,54
367466305,447926067,53
368415799,119547,86
368415799,142420,84
368415799,27646203,83
368415799,405167520,100
368415799,41500653,92
368415799,41500654,82
368415799,41500655,85
368415799,5202655,84
36986798,28577165,51
36986798,355992,100
36986798,38576323,71
36986798,460578140,60
36986798,77169,54
36986798,77393,56
36986798,77432,54
36986798,77455,54
36986798,77474,61
36986798,92208,53
371162005,33735528,62
371162005,36990266,91
371162005,37782078,78
371162005,41657292,51
371162005,436675501,75
371162005,446875114,100
371162005,467762944,51
371162005,484314362,64
371162005,484314363,87
371162005,484355767,69
371162005,496986500,89
371162005,572950523,62
371162035,461835707,60
3751588,1160415,75
3751588,16347005,55
3751588,16423418,100
3751588,17567126,58
3751588,2121870,56
3751588,27896016,72
378571330,429460258,63
378571330,529823971,68
378571330,531051713,96
378571330,534539367,70
378571330,534539369,53
378571330,534540386,52
378571330,543987399,100
378571330,543987400,78
378571330,545589259,52
378571330,545590290,79
378571330,545590291,75
378571330,545591255,83
378571330,548648087,84
378571330,550136151,77
378571330,550136152,61
378571330,550138132,70
378571330,864099106,54
378571330,864647841,58
379167606,108103,100
379167606,1308818970,96
379167606,1310906383,69
38244836,1425620,53
38244836,17086565,52
38244836,17368870,53
38244836,17416921,51
38244836,17548367,52
38244836,18602345,67
38244836,18940438,54
38244836,19900517,62
38244836,2119404,53
38244836,21693185,60
38244836,22313969,71
38244836,22490364,58
38244836,22703128,100
38244836,22751128,56
38244836,26299767,59
38244836,2716690,53
38244836,3404727,62
38244836,3408398,53
38244836,4878292,52
38244836,5174732,51
38244836,5179233,57
38244836,5409266,56
38244836,632886,53
38244836,632944,56
38244836,633007,53
38244836,633074,51
387856060,487885426,100
391160112,22670526,100
391160112,22757992,76
391160112,27736036,77
391160112,28186709,70
391160112,28370452,85
391160112,28825089,51
391160112,4898135,79
39141174,167595,64
39141174,186016,82
39141174,19163112,100
39141174,28587913,69
39141174,28768109,76
39141174,407126531,51
39141174,416892380,58
39256799,431958086,100
39312746,18094919,52
39312746,21304209,100
39312746,476612128,71
39312746,794267,83
39509499,257524,100
39509499,278972,62
39509499,326738,59
39509499,70648,59
396791776,17734910,59
396791776,1906314,54
396791776,26224536,100
396791776,27731392,52
396791776,297245,57
396791776,32174171,56
396791776,33255594,58
396791776,34578090,65
396791776,34749915,69
396791776,36895537,84
396791776,438981931,60
396791776,440239045,91
396791776,456456745,67
396791776,459004290,65
396791776,459555084,80
396791776,466567203,52
396791776,502449945,63
396791776,520993328,77
396791776,523035431,52
396791776,574921594,60
39709961,504020132,100
402086753,1141609,71
402086753,1206866,62
402086753,1221117,74
402086753,130330,63
402086753,1477699,63
402086753,1499096,76
402086753,17086565,70
402086753,17657671,72
402086753,19019250,74
402086753,19292149,77
402086753,22683613,62
402086753,22701041,91
402086753,22843697,70
402086753,26119814,65
402086753,2640782,70
402086753,26450090,73
402086753,26501431,67
402086753,27511708,60
402086753,27621981,57
402086753,27630396,65
402086753,28254343,64
402086753,28254854,66
402086753,28286702,74
402086753,29561495,60
402086753,30394455,100
402086753,31090075,57
402086753,31090823,66
402086753,35283187,78
402086753,35288251,63
402086753,35806424,73
402086753,36198058,69
402086753,38358214,70
402086753,402070861,65
402086753,412175395,59
402086753,422428548,75
402086753,422429521,85
402086753,423227052,51
402086753,424849024,74
402086753,4266879,86
402086753,427416709,75
402086753,432464191,63
402086753,437290675,83
402086753,437755948,79
402086753,454438456,65
402086753,4880435,68
402086753,5133273,68
402086753,5294716,66
402086753,5346340,70
402086753,5392601,77
402086753,557474,64
402086753,757567,78
402086753,79938,80
402086753,837057,75
402086753,837086,77
406021076,459954530,100
407415083,452997361,53
407415083,471632880,100
41093466,1305365717,78
41093466,25731497,63
41093466,26114626,54
41093466,26508182,71
41093466,275445,100
41093466,27809039,61
41093466,28187955,63
41093466,33599021,69
41093466,35476792,51
41093466,36471647,55
41093466,377501,55
41093466,41631191,72
41093466,424264070,79
41093466,438456224,89
41093466,442605283,82
41093466,459550922,61
41093466,464377384,52
41093466,475072640,53
41093466,486999010,81
41093466,489997970,66
41093466,514761332,55
41093466,67844,53
41093466,757546,66
412843104,191534,64
412843104,191552,52
412843104,25657578,60
412843104,25657581,58
412843104,26524408,53
412843104,26524418,67
412843104,26902923,59
412843104,26902929,56
412843104,28660143,56
412843104,38392313,79
412843104,405790387,61
412843104,406704435,61
412843104,451473846,85
412843104,464293403,54
412843104,472361096,71
412843104,545807907,100
412843104,545807910,85
412843104,547379430,96
412843104,65198,56
413410967,29454586,100
413930991,456870167,55
413930991,526464145,100
413930991,565174225,61
413930991,565374410,67
413930991,566436427,63
414350093,544199946,100
418103289,544201893,100
42007394,459089,100
42007394,459093,98
42007394,459097,97
42007394,459101,98
42007394,459105,99
42007394,459109,97
42007394,459113,98
42007394,459117,97
42007394,459121,99
42007394,459125,97
42007394,459129,97
42007394,459133,97
42007394,459137,97
42007394,459141,97
42007394,459145,97
42007394,459149,96
42007394,459154,97
42007394,459159,97
42007394,459164,97
42007394,459169,98
42007394,459172,98
42007394,459174,97
42007394,459176,98
42007394,459178,98
42007394,459182,97
42007394,459186,97
42007394,459190,97
42007394,459194,98
42007394,459198,97
42007394,459201,97
42007394,459204,96
42007394,459207,97
42007394,459213,97
42007394,459217,96
42007394,459221,97
42007394,459225,96
42007394,459229,95
42007394,459232,97
42007394,459235,97
42007394,459238,96
42007394,459242,98
42007394,459245,97
42007394,459248,97
42007394,459251,97
42007394,459255,97
42007394,459258,97
42007394,459261,97
42007394,459264,98
42007394,459267,97
42007394,459271,97
42007394,459275,97
42007394,459279,96
42007394,459283,96
42007394,459287,97
42007394,459289,97
42007394,459292,97
42007394,459295,97
42007394,459298,96
42007394,459301,96
42007394,459304,97
42007394,459307,97
42007394,459310,97
42007394,459313,95
42007394,459316,96
42007394,459319,98
42007394,459322,98
42007394,459325,97
42007394,459328,97
42007394,459331,96
42007394,459335,97
42007394,459339,97
42007394,459343,97
42007394,459347,97
42007394,459351,97
42007394,459355,96
42007394,459359,97
42007394,459363,97
42007394,459367,96
42007394,459372,97
42007394,459377,96
42007394,459382,96
42007394,459387,96
42007394,459391,97
42007394,459395,97
42007394,459399,97
42007394,459404,97
42007394,459409,96
42007394,459414,96
42007394,459419,96
42007394,459424,96
42007394,459428,95
42007394,459432,96
42007394,459436,96
42007394,459440,95
42007394,459444,95
42007394,459448,95
42007394,459452,95
42007394,459457,97
42007394,459462,96
421529989,1623371,100
421529989,402070937,100
42920777,1321385625,100
433800401,16844399,64
433800401,28302653,78
433800401,32845583,100
434174568,28190638,100
434174568,422790938,61
434174568,468817448,76
435165746,492957703,56
435165746,513540748,100
435792755,1302084483,54
435792755,33495352,96
435792755,35778398,93
435792755,381904,54
435792755,382092,100
435792755,411500394,73
435792755,418602809,91
435792755,450224777,55
435792755,458013555,84
435792755,542058331,95
435792755,852191,76
438083732,1296511922,55
438083732,1304842171,69
438083732,463262745,100
442855502,1301573322,100
442855502,29572047,99
442855502,29922351,55
442855502,407679614,85
442855502,5043035,70
442855502,519909025,60
442855502,536570080,75
442855502,548400012,64
442855502,550165239,55
442855502,553815050,55
44513367,1302581,100
44513367,26609515,66
44513367,28287061,100
446776185,1313717641,71
446776185,429460676,70
446776185,516819159,78
446776185,549362844,75
446776185,562460843,71
446776185,866018154,100
452339493,28815250,94
452339493,33419478,100
452339493,35345951,64
452339493,442869386,82
452339493,475072294,64
452339493,475072295,76
452339493,475072311,52
452339493,475073276,82
452339493,475073277,76
452339493,475073278,94
452339493,475073280,64
452339493,518896134,52
452339493,524358141,58
45441555,22714146,61
45441555,26512253,100
45441555,28660261,72
45441555,29583265,83
45441555,767143,51
45441555,785902,53
46723875,16478182,100
46840592,1142540,51
46840592,1592318,72
46840592,1592322,67
46840592,1592345,67
46840592,1592350,67
46840592,1592361,80
46840592,1592366,72
46840592,1592382,69
46840592,1592384,69
46840592,1592387,69
46840592,1592390,67
46840592,1592398,71
46840592,1592430,80
46840592,1592446,71
46840592,1592473,69
46840592,1592525,69
46840592,20544819,58
46840592,20544888,100
46840592,27215122,67
46840592,5221829,54
470860679,17858810,54
470860679,18680851,56
470860679,26335699,52
470860679,35847388,63
470860679,394670,56
470860679,399340140,52
470860679,407002091,52
470860679,440207791,100
470860679,481853814,55
470860679,523042017,55
470860679,530801983,63
47298321,1215678,56
47298321,1416264,59
47298321,17068719,55
47298321,17403547,53
47298321,21162622,58
47298321,21162695,51
47298321,21162697,100
47298321,21162699,70
47298321,21162704,52
47298321,21162705,82
47298321,21162706,58
47298321,28256497,51
47298321,29747622,51
47298321,38576323,52
47298321,407761722,58
47298321,407761725,97
475876768,1610477,65
475876768,33111884,93
475876768,37653063,83
475876768,455542059,74
475876768,455555774,67
475876768,512358197,59
475876768,512358200,82
475876768,512359196,58
475876768,512376195,51
475876768,533930589,58
475876768,534540498,56
475876768,536622304,100
475876768,539450075,61
475876768,571534645,64
475876768,572028705,67
47773283,28164932,52
47773283,29047324,53
47773283,29047325,73
47773283,29047326,67
47773283,30780114,75
47773283,31835259,70
47773283,363487,54
47773283,364718,57
47773283,37782268,100
47773283,37782269,56
47773283,406000819,84
47773283,408943174,59
47958762,106790,52
47958762,106803,86
47958762,107319,51
47958762,166434,63
47958762,167766,52
47958762,174274,61
47958762,191989,54
47958762,198477,57
47958762,198503,55
47958762,227542,70
47958762,227563,67
47958762,254899,56
47958762,254912,57
47958762,254968,97
47958762,25710188,54
47958762,25729044,54
47958762,264224,100
47958762,266616,65
47958762,272544,63
47958762,28267047,66
47958762,28306315,76
47958762,28987431,59
47958762,299153,56
47958762,299162,51
47958762,304832,63
47958762,30951266,69
47958762,314490,52
47958762,335646,96
47958762,342349,86
47958762,5230119,64
47958762,5236713,57
47958762,5239871,56
47958762,5253353,52
47958762,80363,53
48197,16434054,66
48197,16434100,100
48197,18520184,66
48197,21162443,66
48197,21970528,66
48197,22615813,66
48197,25702068,100
48197,26523120,100
48197,26902557,66
48197,27646205,66
48197,28815250,66
48197,4169910,66
48339,1304401302,100
48339,29732235,86
48339,4951870,83
48339,551338024,95
48456647,17557762,51
48456647,28054248,100
48456647,353646,55
487550750,31090100,70
487550750,437250607,82
487550750,461080452,100
487550750,512385967,73
488951061,19762504,100
488951061,21800096,75
494145490,472858578,100
494145490,478804201,100
494145490,481279269,100
494145490,493849714,100
494145490,497095291,100
494145490,497096054,100
494145490,513165729,100
494145490,516658286,100
494145490,524553167,100
494145490,527623604,100
495395841,1296583188,61
495395841,427595456,92
495395841,509311682,100
495395841,79938,53
49791400,4330176,61
502004704,1695819,53
502004704,1696812,54
502004704,18094919,86
502004704,18094989,63
502004704,18095077,58
502004704,21303927,73
502004704,21303931,57
502004704,27785125,53
502004704,3879546,58
502004704,4208530,100
502004704,574922843,54
502004704,574922851,79
502191825,22705489,100
502191825,29482285,59
502191825,401250026,52
502191825,509106775,52
502191825,546724681,57
502191825,864100874,56
505161142,411259275,66
505161142,442853736,76
505161142,452897719,100
505161142,483147309,58
505161142,504983522,52
507863073,22846665,100
507863073,22846667,72
507863073,22846675,78
507863073,22846682,81
507863073,22846683,60
507863073,22846685,81
507863073,22846689,79
507863073,22846693,75
507863073,22846703,83
507863073,22846709,74
507863073,22846711,92
507863073,22846717,78
507863073,22846718,71
507863073,22846722,71
507863073,22846724,84
507863073,22846725,74
507863073,22846728,85
507863073,22846732,73
507863073,22846733,67
507863073,256255,51
507863073,256901,59
507863073,26110835,66
507863073,26132916,54
507863073,5313429,66
507863073,5313467,66
507863073,5337273,76
507863073,5337338,66
507863073,5378852,68
507863073,643190,53
509332977,22715726,65
509332977,28718940,83
509332977,408328856,100
509332977,468877752,57
509332977,487527562,52
51239259,850647,100
513444738,515466171,75
513444738,546500270,100
52700424,1299557936,60
52700424,458725738,100
52700424,472219517,61
52700424,5051081,51
53073556,1305366827,100
53073556,201960,60
53073556,28912026,65
53073556,28953852,58
53073556,296841,59
53073556,35618493,66
53073556,374847,52
53073556,475530855,52
53321112,29777652,51
53321112,31445986,100
53452195,26110707,100
53452195,26116001,78
53452195,26121811,67
53452195,26219717,64
53452195,27090428,62
53452195,27090435,94
53452195,28287612,63
53452195,28691636,64
53452195,28691637,82
53452195,34478644,54
53452195,34532193,51
53452195,34613445,64
53452195,34928342,52
53452195,35270127,51
53452195,35848024,63
53452195,37132489,74
53452195,411314248,68
53452195,411349086,56
53452195,419596241,59
53452195,426290446,54
53452195,430297299,55
53452195,453176140,58
53452195,453185038,51
53452195,497463544,64
53452195,794035,70
53706305,29096752,100
53706305,444444260,54
53820701,28784401,100
53820701,31066513,78
53820701,36924605,84
53820701,38019587,100
547391136,375885,100
547598406,493735159,100
55119493,32192783,61
55119493,411907897,55
55119493,423997817,100
55119493,687506,54
551207875,1316824503,52
551207875,17416887,55
551207875,192350,92
551207875,26418355,83
551207875,31140326,91
551207875,31152208,89
551207875,31152310,82
551207875,31165390,100
551207875,34380998,61
551207875,407927987,64
551207875,420400344,89
551207875,423015081,100
551207875,437480357,89
551207875,470736426,91
551207875,499673123,53
551207875,501133798,59
551207875,523248511,67
551207875,525721542,82
551207875,528478649,91
551207875,864100958,55
553929812,5303795,100
55448171,1060313,100
55448171,1142901,68
55448171,1148108,53
55448171,1370001,69
55448171,1491354,93
55448171,17974252,52
55448171,18070877,51
55448171,1947317,54
55448171,19498057,62
55448171,26502165,67
55448171,27808141,54
55448171,28240914,54
55448171,33861081,56
55448171,3432651,57
55448171,5210576,55
55448171,5299097,86
560026990,1306498831,94
560026990,26364697,74
560026990,28587843,63
560026990,38576353,53
560026990,412493648,71
560026990,420400350,100
560026990,477251491,55
560026990,527855652,61
560026990,551816010,54
560026990,862741536,87
56684007,25694059,52
56684007,419596442,76
56684007,419596444,100
56684007,466794246,63
56684007,502709010,59
56684007,502709012,60
56684007,536622488,60
56684007,536624492,74
5673309,500412244,100
569705468,22638958,62
569705468,22641785,63
569705468,22654754,51
569705468,22663323,52
569705468,22695713,63
569705468,22718255,67
569705468,22763923,51
569705468,22786083,81
569705468,26130336,61
569705468,26525427,85
569705468,27630860,69
569705468,28254795,72
569705468,28254797,65
569705468,28254798,66
569705468,28254800,67
569705468,381825,53
569705468,410629777,63
569705468,419759,58
569705468,430208458,91
569705468,430208481,79
569705468,430208482,68
569705468,430208483,86
569705468,430208484,76
569705468,430297308,82
569705468,430297309,90
569705468,430297310,77
569705468,430297311,73
569705468,430297312,71
569705468,430297313,68
569705468,448143235,67
569705468,477458176,73
569705468,477458180,59
569705468,477458185,70
569705468,486806,65
569705468,486934,100
569705468,488388634,52
569705468,502228184,60
569705468,502238185,61
569705468,502238186,60
569705468,502238187,57
569705468,502238188,59
569705468,502238189,56
569705468,524477,60
569705468,540931,58
569705468,585097,60
569705468,666150,65
569705468,701639,57
569705468,77169,55
569705468,817062,92
569705468,853526,58
57036736,16816390,57
57036736,16820280,57
57036736,1786015,57
57036736,2103411,57
57036736,23234192,55
57036736,23995483,58
57036736,25042708,66
57036736,26256306,61
57036736,26538399,58
57036736,27747350,52
57036736,27896044,90
57036736,27930214,58
57036736,28155273,71
57036736,28436980,57
57036736,29966484,61
57036736,3943804,100
57036736,5081200,53
57036736,5091698,53
570599067,29748634,82
570599067,29748889,54
570599067,29810553,77
570599067,29810606,56
570599067,29810626,100
570599067,4932482,52
570599067,4932578,62
570599067,4932636,52
570599067,4932646,69
570599067,530986751,81
570599067,530986756,100
570599067,530986767,84
570599067,530995721,68
570599067,808019,65
570599067,808473,78
571658220,416388911,78
571658220,465311428,56
571658220,483937795,98
571658220,512085302,61
571658220,527684994,65
571658220,862098795,100
573052718,1301235504,66
573052718,452601376,100
573052718,452601377,66
573052718,452601378,100
573052718,452601379,100
573052718,452601380,100
573052718,452601381,66
573052718,452601395,100
573052718,452601398,100
573052718,452601399,100
573052718,452601403,100
573052718,452601405,66
573052718,452601410,100
573052718,452608313,100
573052718,452608315,100
573052718,452608327,100
573052718,452608333,66
573052718,452608338,66
573052718,466795685,66
574022456,28815250,58
574022456,31877513,100
574022456,447926071,58
575887784,28029092,68
575887784,514761281,100
576098276,408440651,54
576098276,408440655,54
576098276,41645490,72
576098276,480769640,51
576098276,511846441,100
576098276,523248388,86
576098276,523250393,67
576098276,523250394,89
576098276,523251393,78
576098276,523251394,89
576098276,523251395,81
576098276,523251396,78
576098276,523251397,86
576098276,548469,54
576098276,548567,59
576098276,672560,64
577648614,183507,100
577648614,27496071,54
577648614,29922056,94
577648614,467317797,53
580072741,1293904594,61
580072741,1293904595,56
580072741,1293905596,65
580072741,531051713,86
580072741,534539367,72
580072741,542667023,55
580072741,542690024,59
580072741,543987400,95
580072741,543987405,79
580072741,543988388,82
580072741,544000397,69
580072741,545589259,85
580072741,545590290,88
580072741,545590291,80
580072741,545591255,64
580072741,545592271,59
580072741,548648087,77
580072741,548650088,73
580072741,548651095,51
580072741,550136151,83
580072741,550136152,63
580072741,550138132,61
580072741,573583409,100
580072741,573583410,94
58449346,22791257,64
58449346,26110707,66
58449346,26432340,67
58449346,26590305,55
58449346,26902203,63
58449346,27979412,52
58449346,28196394,70
58449346,28258177,63
58449346,28754823,53
58449346,29567155,100
58449346,29567157,62
58449346,30064088,87
58449346,699014,55
58449346,794134,63
58823916,1939724,100
58823916,27808044,54
58823916,29850099,68
58823916,31546664,52
58823916,31563507,68
58823916,32069950,84
58823916,35617322,98
58823916,426194038,52
58823916,539073,77
59073,1014896,52
59073,104142,52
59073,1345464,61
59073,1480648,63
59073,18082929,83
59073,18082936,80
59073,18092446,52
59073,2260682,52
59073,22676178,52
59073,26211011,63
59073,26211051,63
59073,26291174,63
59073,26291175,66
59073,26291176,63
59073,26291177,61
59073,3274776,58
59073,3638386,100
59073,4235647,66
590855177,183507,89
590855177,29922056,67
590855177,32807844,60
590855177,32807846,53
590855177,415085736,100
590855177,419373148,63
590855177,419373149,73
591849499,1299217,62
591849499,1304028,75
591849499,16776608,75
591849499,16776797,62
591849499,17541009,62
591849499,1934649,87
591849499,2195551,75
591849499,22450326,62
591849499,28764715,62
591849499,298863,75
591849499,32069687,62
591849499,33241155,75
591849499,393631,62
591849499,402070364,62
591849499,4340760,87
591849499,444416311,87
591849499,543988598,100
595093926,26418955,62
595093926,26420079,58
595093926,28765209,59
595093926,28953674,82
595093926,28953746,58
595093926,29048786,77
595093926,29088628,71
595093926,29436451,55
595093926,29812078,70
595093926,30148238,61
595093926,30148240,52
595093926,30148246,86
595093926,31381307,70
595093926,32640490,71
595093926,32807019,67
595093926,33255937,64
595093926,34229047,58
595093926,34229048,61
595093926,372320,70
595093926,372656,76
595093926,372801,61
595093926,372966,88
595093926,373346,80
595093926,373351,74
595093926,373444,71
595093926,373525,100
595093926,373632,56
595093926,373688,59
595093926,374194,82
595093926,374792,59
595093926,375124,59
595093926,375675,83
595093926,375729,52
595093926,376926,55
595093926,392384,92
595093926,393613,53
595093926,422427951,52
595093926,454232003,58
595093926,467011616,68
595093926,467011630,68
595093926,474932340,71
595093926,476081814,88
595093926,481537081,65
595093926,4872777,52
595093926,489997408,82
595093926,490487691,53
595093926,491828354,52
595093926,492144412,82
595093926,505885317,53
595093926,510478710,98
595093926,515278,52
595093926,515551473,58
595093926,527684994,62
595093926,528284,52
595093926,528303,56
595093926,529823877,58
595093926,562699217,55
595093926,81383,53
596891287,28464997,53
596891287,29746627,86
596891287,29771146,73
596891287,407699922,86
596891287,438981332,86
596891287,448749148,93
596891287,455500439,80
596891287,463197560,53
596891287,466257461,60
596891287,493041860,100
600872213,22288691,92
600872213,26943155,52
600872213,479296326,57
600872213,633123,100
60893996,22756483,100
614030350,28377203,53
614030350,28921695,95
614030350,31352526,100
614030350,31426633,63
614030350,33361759,64
61586184,17086547,77
61586184,18212758,61
61586184,188747,55
61586184,1944469,66
61586184,19453189,55
61586184,255962,61
61586184,25639351,55
61586184,25706282,61
61586184,26034825,66
61586184,26402069,61
61586184,26640941,61
61586184,28458002,55
61586184,28590224,66
61586184,28838055,61
61586184,29008037,100
61586184,29307103,72
61586184,299599,55
61586184,299601,72
61586184,299901,61
61586184,299925,55
61586184,299939,55
61586184,300136,72
61586184,300146,55
61586184,300148,66
61586184,300152,83
61586184,300158,61
61586184,300160,55
61586184,300162,61
61586184,300192,61
61586184,300193,61
61586184,300195,66
61586184,300197,66
61586184,300203,55
61586184,300207,55
61586184,300210,61
61586184,306845,55
61586184,308353,61
61586184,316486,55
61586184,316498,88
61586184,32507038,72
61586184,328153,55
61586184,3455153,61
61586184,3455158,72
61586184,3455163,66
61586184,404783205,55
61586184,422132597,61
61586184,436487628,77
61586184,436487629,66
61586184,436487630,61
61586184,436487631,61
61586184,436487632,61
61586184,436487633,61
61586184,436487634,66
61586184,436487635,61
61586184,436487636,61
61586184,436487637,61
61586184,436487638,61
61586184,436487639,61
61586184,436487640,61
61586184,436487641,61
61586184,436487642,66
61586184,436487643,61
61586184,436487644,66
61586184,436487645,61
61586184,436487646,61
61586184,436487647,61
61586184,436487648,61
61586184,436487649,61
61586184,436487650,61
61586184,436487651,61
61586184,436487652,61
61586184,436487653,61
61586184,436487654,61
61586184,436487655,61
61586184,436487656,61
61586184,436487657,61
61586184,436487658,61
61586184,436487659,61
61586184,436487660,61
61586184,436487661,61
61586184,436487662,61
61586184,436487663,61
61586184,436487664,61
61586184,436487665,61
61586184,436487666,61
61586184,436487667,55
61586184,437290056,94
61586184,437292051,83
61586184,437605829,61
61586184,437605830,61
61586184,437605831,61
61586184,437605832,61
61586184,437608794,61
61586184,4875905,55
61586184,4878292,61
61586184,512085302,72
61586184,5264852,83
61586184,526569,61
61586184,64634,55
61586184,694059,77
61768448,28258935,55
61768448,28258937,100
61768448,28585192,52
61768448,357505,54
618685399,1375259,65
618685399,1375263,65
618685399,1375267,58
618685399,1375280,52
618685399,18001009,100
618685399,18001010,61
618685399,21183192,78
618685399,28631319,80
618685399,401629108,60
618969165,427606738,61
618969165,445886646,76
618969165,462391069,70
618969165,484078846,100
623845213,486814412,65
623845213,530995556,100
627317310,28828196,100
633468139,531295576,55
633468139,533783642,100
63855650,149300,100
63908202,328997,81
63908202,373525,85
63908202,374194,100
63908202,375424,58
63908202,375675,61
63908202,376994,77
63908202,408557892,66
63908202,454435101,53
63908202,551338283,92
63970772,410628901,100
63970772,4226232,52
643599592,26849720,100
6647620,27901231,69
6647620,28680438,73
6647620,28949444,78
6647620,441491167,88
6725626,486872,57
6725626,486934,84
6725626,609022,100
6748149,16388476,100
6748149,1754359,60
6748149,230656,76
6748149,27939198,61
6748149,316154,69
6748149,32507839,51
6748149,5268254,64
67485126,16796486,100
67485126,19078759,51
67485126,25727615,58
67485126,26535271,82
67485126,27898998,68
67485126,29532471,67
67485126,32897956,84
67485126,36190275,83
67485126,40249171,55
67485126,4191938,58
67485126,471565832,58
68000082,191528,60
68000082,308353,54
68000082,316938,100
68140853,365680,100
68140853,405599111,76
68140853,5054932,97
68445758,464373134,69
68445758,484732226,52
68445758,495848352,91
68445758,495848353,100
68445758,495848354,97
68445758,518088449,52
69795143,18057481,76
69795143,31426788,100
70320510,100515,73
70320510,129022,75
70320510,1296410418,67
70320510,192001,57
70320510,192263,52
70320510,202341,87
70320510,202342,73
70320510,26304053,63
70320510,27808044,54
70320510,27867140,57
70320510,28285912,53
70320510,28568244,51
70320510,305270,55
70320510,31654492,53
70320510,324963,73
70320510,324964,73
70320510,324966,65
70320510,324980,77
70320510,368762,78
70320510,368767,70
70320510,368800,67
70320510,368832,55
70320510,420513275,100
70320510,424474214,59
70320510,526464293,54
71528133,32334727,58
71528133,34183034,100
71528133,34183036,81
71528133,34183038,78
71528133,34183039,94
71528133,34183041,62
71528133,34779317,72
71528133,34779319,72
71528133,34779320,53
72059645,26193975,75
72059645,26193977,58
72059645,28935292,91
72059645,29819177,100
72059645,518076185,75
72059645,570317882,66
76274668,28914502,100
76274668,28914513,53
76274668,31081337,54
7884357,127779,71
7884357,214867,69
7884357,29414722,72
7884357,29414724,56
7884357,304862,61
7884357,3930400,72
7884357,3930698,57
7884357,471402680,51
7884357,5266357,100
83659385,22753344,62
83659385,26135471,77
83659385,29088358,53
83659385,29366987,61
83659385,31053278,61
83659385,33187338,61
83659385,40915588,66
83659385,459717297,60
83659385,460508,52
83659385,469742,53
83659385,469772,64
83659385,469868,71
83659385,469873,51
83659385,469883,100
83659385,469896,51
83659385,469933,80
83659385,541238,65
83659385,541853,69
83659385,541879,52
83659385,541887,73
83659385,541928,92
85881171,26145725,54
85881171,27808716,56
85881171,35032582,66
85881171,446557635,76
85881171,447528932,67
85881171,4878129,51
85881171,530400477,55
85881171,536099160,100
85881171,552301478,60
87629621,430208121,100
87629621,430208123,62
87631918,39956113,56
87631918,464773106,98
87631918,537407959,100
87631918,5415464,57
88231396,1320101051,69
88231396,28018217,88
88231396,29428321,65
88231396,30352891,72
88231396,39224531,59
88231396,416531281,66
88231396,452986458,67
88231396,479223412,53
88231396,497755396,56
88231396,510195165,97
88231396,512359195,100
88231396,820211,73
88231396,830706,63
88378815,1300885148,71
88378815,27867507,60
88378815,27955653,59
88378815,426026161,98
88378815,455311665,66
88378815,471403427,81
88378815,541422642,100
88378815,66285,60
91984767,21597340,53
91984767,224086,55
91984767,224131,51
91984767,26209670,58
91984767,26270008,52
91984767,26353080,53
91984767,26418879,53
91984767,27965522,58
91984767,28524893,52
91984767,28606910,59
91984767,28713459,54
91984767,28938602,55
91984767,29984020,52
91984767,30251429,57
91984767,31134451,57
91984767,31421442,52
91984767,38358215,53
91984767,399341475,100
91984767,411315224,52
91984767,411315225,51
91984767,41416573,56
91984767,418708011,58
91984767,425570143,59
91984767,426026265,53
91984767,482022,60
91984767,514765413,65
91984767,769652,55
91984767,769659,53
91984767,857176,51
92600982,26103317,86
92600982,28828596,73
92600982,34125612,100
92829818,1318881422,100
92829818,1318881423,99
92829818,1318881424,99
9387600,108139,53
9387600,108157,73
9387600,175973,100
9387600,175974,75
9387600,175979,51
9387600,175981,86
9387600,25706282,80
9387600,26598946,64
9387600,28138585,57
9387600,28178085,55
9387600,31445772,53
9387600,35040360,51
9387600,3880723,51
9387600,818186,53
95190755,308353,71
95190755,513791211,100
96855062,32507038,55
96855062,418603077,51
96855062,471385043,65
97398833,1306498028,84
97398833,461301457,84
97398833,494330746,100
97398833,528271416,91
97398833,530986486,75
97551009,22682051,57
97551009,22682058,58
97551009,22682061,100
97551009,22682067,59
97551009,22682070,51
97551009,28923458,56
97551009,28923460,64
97551009,353415,63
97551009,368913,51
97551009,39122222,55
97551009,4278420,53
97551009,811995,53
97551009,841413,56
98115195,106500,63
98115195,110193,57
98115195,18558271,52
98115195,199132,59
98115195,25698005,55
98115195,25813885,64
98115195,26524989,74
98115195,26524992,78
98115195,274470,53
98115195,28406582,70
98115195,28699996,67
98115195,289331,89
98115195,29097536,52
98115195,30070938,100
98115195,31053383,59
98115195,32977061,67
98115195,355793,59
98115195,3949473,52
98115195,396797,74
98115195,396914,83
98115195,432511343,80
98115195,455547776,73
98115195,5246876,93
98115195,5259045,74
98115195,5279162,62
98115195,544356353,94
9829887,28054763,65
9829887,28425237,52
9829887,28869042,71
9829887,31460355,52
9829887,412175362,69
9829887,416388393,65
9829887,436346397,89
9829887,445867332,100
9829887,5023551,67
99367171,407000153,64
99367171,425136109,78
99367171,433681887,70
99367171,450224027,100
99367171,485962545,61
99367171,526470123,67
99367171,528089012,77
